5 0.30000000000000004 0.296875 0.23125 0.296875 0.23125000000000004 0.659375 0.3000000000000001 0.659375
5 0.4046875 0.29531250000000003 0.3515625 0.2953125 0.35156250000000006 0.4171875 0.4046875 0.4171875
5 0.353125 0.3046875 0.328125 0.3046875 0.32812500000000006 0.4109375 0.3531250000000001 0.4109375
5 0.496875 0.2734375000000001 0.403125 0.2734375000000001 0.403125 0.69375 0.496875 0.69375
5 0.4890625 0.2718750000000001 0.44375 0.2718750000000001 0.44375 0.3671875000000001 0.4890625 0.3671875000000001
5 0.940625 0.2828125000000001 0.8953125 0.2828125000000001 0.8953125 0.3734375000000001 0.940625 0.3734375000000001
0 0.7328125 0.2953125000000001 0.7078125 0.2953125000000001 0.7078125 0.3312500000000001 0.7328125 0.3312500000000001
5 0.725 0.2640625000000001 0.7125 0.2640625000000001 0.7125 0.29375000000000007 0.725 0.29375000000000007
2 0.3375 0.309375 0.19375000000000003 0.309375 0.19375000000000003 0.4609375 0.3375000000000001 0.4609375
1 0.328125 0.2484375 0.2828125 0.2484375 0.2828125 0.29375 0.328125 0.29375
5 0.3078125 0.2828125 0.29375 0.2828125 0.29375 0.3125 0.3078125 0.3125
8 0.4078125 0.18281250000000004 0.3234375 0.18281250000000004 0.3234375 0.29375000000000007 0.4078125 0.29375000000000007
5 0.3453125 0.275 0.328125 0.275 0.328125 0.3046875 0.3453125 0.3046875
5 0.5234375 0.2515625000000001 0.5 0.2515625000000001 0.5 0.3390625000000001 0.5234375 0.3390625000000001
5 0.571875 0.2515625000000001 0.559375 0.2515625000000001 0.559375 0.3062500000000001 0.571875 0.3062500000000001
2 0.66875 0.2734375000000001 0.621875 0.2734375000000001 0.621875 0.3421875000000001 0.66875 0.3421875000000001
2 0.18906250000000008 0.3421875 0.0015625000000000417 0.3421875 0.0015625000000000604 0.64375 0.18906250000000008 0.64375
2 0.596875 0.2687500000000001 0.5703125 0.2687500000000001 0.5703125 0.3031250000000001 0.596875 0.3031250000000001
7 0.771875 0.2578125000000001 0.7421875 0.2578125000000001 0.7421875 0.31718750000000007 0.771875 0.31718750000000007
7 0.09375000000000004 0.2765625 0.039062500000000035 0.2765625 0.03906250000000004 0.3375 0.09375000000000004 0.3375
8 0.2140625 0.225 0.12031250000000004 0.225 0.12031250000000004 0.3140625 0.2140625 0.3140625
8 0.678125 0.23593750000000008 0.6578125 0.23593750000000008 0.6578125 0.2734375000000001 0.678125 0.2734375000000001
8 0.709375 0.2328125000000001 0.6828125 0.2328125000000001 0.6828125 0.2640625000000001 0.709375 0.2640625000000001
8 0.725 0.23593750000000008 0.7109375 0.23593750000000008 0.7109375 0.27031250000000007 0.725 0.27031250000000007
8 0.7453125 0.22656250000000008 0.7234375 0.22656250000000008 0.7234375 0.2718750000000001 0.7453125 0.2718750000000001
8 0.7890625 0.2171875000000001 0.746875 0.2171875000000001 0.746875 0.27031250000000007 0.7890625 0.27031250000000007
8 0.8671875 0.2250000000000001 0.8046875 0.2250000000000001 0.8046875 0.2687500000000001 0.8671875 0.2687500000000001
2 0.6203125 0.2687500000000001 0.6015625 0.2687500000000001 0.6015625 0.3109375000000001 0.6203125 0.3109375000000001
0 0.9421875 0.34843750000000007 0.9015625 0.34843750000000007 0.9015625 0.4703125000000002 0.9421875 0.4703125000000002
1 1 0.15468750000000012 0.8734375 0.1546875000000001 0.8734375 0.3359375000000001 1 0.3359375000000001
1 0.2859375 0.234375 0.2078125 0.234375 0.2078125 0.2953125 0.2859375 0.2953125
8 0.603125 0.24375000000000008 0.5875 0.24375000000000008 0.5875 0.2687500000000001 0.603125 0.2687500000000001
8 0.625 0.2390625000000001 0.603125 0.2390625000000001 0.603125 0.2656250000000001 0.625 0.2656250000000001
5 0.7984375 0.27031250000000007 0.7859375 0.27031250000000007 0.7859375 0.3156250000000001 0.7984375 0.3156250000000001