5 0.30312500000000003 0.018750000000000027 0.140625 0.018750000000000017 0.14062500000000006 1 0.3031250000000001 1
5 0.565625 0.2718750000000001 0.46875 0.2718750000000001 0.4687500000000001 0.759375 0.5656250000000002 0.759375
5 0.6609375 0.3515625000000001 0.6140625 0.3515625000000001 0.6140625 0.6578125 0.6609375 0.6578125
5 0.6171875 0.3609375000000001 0.59375 0.3609375000000001 0.59375 0.4 0.6171875 0.4
5 0.871875 0.3734375000000001 0.81875 0.3734375000000001 0.81875 0.5156250000000002 0.871875 0.5156250000000002
3 0.29375000000000007 0.3609375 0.043750000000000046 0.3609375 0.043750000000000074 0.83125 0.29375000000000007 0.83125
3 0.5093750000000001 0.4671875 0.4515625 0.4671875 0.4515625000000001 0.7265625 0.5093750000000001 0.7265625
0 0.9015625 0.5093750000000001 0.7765625 0.5093750000000001 0.7765625 0.6343750000000001 0.9015625 0.6343750000000001
7 0.746875 0.4468750000000001 0.6890625 0.446875 0.6890625 0.55 0.746875 0.5500000000000002
0 0.99375 0.4937500000000002 0.946875 0.4937500000000002 0.946875 0.5437500000000002 0.99375 0.5437500000000002
8 0.3812500000000001 0.471875 0.2984375000000001 0.471875 0.2984375000000001 0.5578125 0.3812500000000001 0.5578125
2 0.12187500000000007 0.4453125 5.4535052774530576e-17 0.4453125 6.544206332943669e-17 0.6234375 0.1218750000000001 0.6234375
5 0.990625 0.4500000000000002 0.9625 0.4500000000000002 0.9625 0.5093750000000001 0.990625 0.5093750000000001
5 0.5609375 0.446875 0.546875 0.446875 0.546875 0.5421875 0.5609375 0.5421875