5 0.4640625 0.18906250000000005 0.359375 0.18906250000000005 0.35937500000000006 0.553125 0.4640625 0.553125
5 0.08906250000000003 0.2078125 0.06875000000000002 0.2078125 0.06875000000000003 0.303125 0.08906250000000004 0.303125
5 0.06875000000000003 0.21875 0.04062500000000002 0.21875 0.04062500000000003 0.275 0.06875000000000005 0.275
5 0.74375 0.1843750000000001 0.7015625 0.1843750000000001 0.7015625 0.3125000000000001 0.74375 0.3125000000000001
5 0.7859375 0.1859375000000001 0.7484375 0.1859375000000001 0.7484375 0.3187500000000001 0.7859375 0.3187500000000001
5 0.81875 0.1765625000000001 0.7859375 0.1765625000000001 0.7859375 0.3312500000000001 0.81875 0.3312500000000001
5 0.55625 0.1750000000000001 0.5453125 0.1750000000000001 0.5453125 0.1921875000000001 0.55625 0.1921875000000001
5 0.746875 0.17187500000000008 0.7359375 0.17187500000000008 0.7359375 0.18750000000000008 0.746875 0.18750000000000008
2 0.3625 0.2015625 0.2984375 0.2015625 0.2984375 0.28125 0.3625 0.28125
1 0.5875 0.15781250000000008 0.5671875 0.15781250000000008 0.5671875 0.1921875000000001 0.5875 0.1921875000000001
5 0.596875 0.1703125000000001 0.5875 0.1703125000000001 0.5875 0.19531250000000008 0.596875 0.19531250000000008
2 0.625 0.17187500000000008 0.6140625 0.17187500000000008 0.6140625 0.1921875000000001 0.625 0.1921875000000001
8 0.19531250000000003 0.13437500000000002 0.09531250000000002 0.134375 0.09531250000000004 0.275 0.19531250000000006 0.275
8 0.3578125 0.09687500000000003 0.2546875 0.09687500000000002 0.2546875 0.2015625 0.3578125 0.2015625
8 0.5421875 0.14375000000000004 0.465625 0.14375000000000004 0.465625 0.2500000000000001 0.5421875 0.2500000000000001
7 0.91875 0.1562500000000001 0.8875 0.15625000000000008 0.8875 0.2062500000000001 0.91875 0.2062500000000001
8 0.9546875 0.12343750000000013 0.9234375 0.12343750000000013 0.9234375 0.18437500000000012 0.9546875 0.18437500000000012
8 0.9171875 0.12187500000000011 0.8796875 0.1218750000000001 0.8796875 0.1562500000000001 0.9171875 0.15625000000000014
1 0.865625 0.10937500000000008 0.8 0.10937500000000008 0.8 0.21250000000000008 0.865625 0.21250000000000008
1 0.7859375 0.1375000000000001 0.746875 0.1375000000000001 0.746875 0.19531250000000008 0.7859375 0.19531250000000008
7 0.7078125 0.1609375000000001 0.675 0.1609375000000001 0.675 0.21875000000000008 0.7078125 0.21875000000000008
7 0.990625 0.15781250000000013 0.95625 0.15781250000000013 0.95625 0.2156250000000001 0.990625 0.2156250000000001