5 0.4312500000000001 0.3140625 0.3546875 0.3140625 0.35468750000000004 0.75625 0.4312500000000002 0.75625
5 0.6609375000000001 0.2921875000000001 0.584375 0.2921875000000001 0.5843750000000001 0.746875 0.6609375000000002 0.746875
5 0.8734375 0.41718750000000016 0.78125 0.41718750000000016 0.7812500000000001 0.9015625 0.8734375 0.9015625
0 0.18125000000000005 0.2671875 0.14843750000000006 0.2671875 0.14843750000000006 0.303125 0.18125000000000005 0.303125
5 0.17656250000000004 0.2046875 0.15156250000000004 0.2046875 0.15156250000000004 0.265625 0.17656250000000004 0.265625
5 0.4765625 0.2953125000000001 0.4140625 0.2953125000000001 0.4140625 0.5796875 0.4765625 0.5796875
5 0.5875 0.3046875000000001 0.540625 0.3046875000000001 0.540625 0.3859375000000001 0.5875 0.3859375000000001
0 0.75 0.2156250000000001 0.7390625 0.2156250000000001 0.7390625 0.2390625000000001 0.75 0.2390625000000001
5 0.75 0.19531250000000008 0.740625 0.19531250000000008 0.740625 0.2140625000000001 0.75 0.2140625000000001
5 0.7765625 0.18125000000000008 0.7671875 0.18125000000000008 0.7671875 0.2156250000000001 0.7765625 0.2156250000000001
8 1 0.21250000000000008 0.78125 0.21250000000000008 0.78125 0.37968750000000007 1 0.37968750000000007
5 0.8328125 0.1906250000000001 0.821875 0.1906250000000001 0.821875 0.22031250000000008 0.8328125 0.22031250000000008
5 0.746875 0.1703125000000001 0.7375 0.1703125000000001 0.7375 0.18750000000000008 0.746875 0.18750000000000008
8 0.45 0.020312500000000046 0.278125 0.020312500000000032 0.278125 0.33437500000000003 0.45 0.3343750000000001
8 0.6671875 0.18125000000000008 0.6390625 0.18125000000000008 0.6390625 0.2296875000000001 0.6671875 0.2296875000000001
8 0.6390625 0.15781250000000008 0.615625 0.15781250000000008 0.615625 0.1906250000000001 0.6390625 0.1906250000000001
2 0.12343750000000002 0.178125 0.06718750000000002 0.178125 0.06718750000000002 0.21875 0.12343750000000005 0.21875
2 0.728125 0.2156250000000001 0.653125 0.2156250000000001 0.653125 0.3000000000000001 0.728125 0.3000000000000001
2 0.16718750000000002 0.175 0.115625 0.175 0.11562500000000002 0.20625 0.16718750000000004 0.20625
8 0.2453125 0.17343750000000005 0.2078125 0.17343750000000005 0.2078125 0.19843750000000004 0.2453125 0.19843750000000004
8 0.93125 0.15312500000000012 0.909375 0.15312500000000012 0.909375 0.18593750000000014 0.93125 0.18593750000000014