2 0.23437500000000008 0.6109375 0.018750000000000072 0.6109375 0.018750000000000096 0.975 0.23437500000000008 0.975
2 0.5218750000000001 0.634375 0.3453125000000001 0.634375 0.3453125000000001 0.934375 0.5218750000000002 0.934375
2 0.6812500000000001 0.509375 0.5140625 0.509375 0.5140625000000001 0.73125 0.6812500000000001 0.73125
2 1 0.6937500000000002 0.8578125 0.6937500000000002 0.8578125 0.9734375 1 0.9734375
2 0.8 0.6734375000000001 0.6046875 0.6734375 0.6046875 0.9609375 0.8 0.9609375
2 0.2765625000000001 0.3953125 0.14375000000000004 0.3953125 0.14375000000000007 0.625 0.2765625000000001 0.625
2 0.4609375 0.31093750000000003 0.3171875 0.3109375 0.31718750000000007 0.553125 0.4609375 0.553125
2 0.7390625 0.2734375000000001 0.59375 0.2734375000000001 0.59375 0.4718750000000001 0.7390625 0.47187500000000016
2 0.571875 0.14843750000000006 0.45 0.14843750000000006 0.45 0.3515625000000001 0.571875 0.3515625000000001
2 0.4203125 0.16875000000000004 0.3140625 0.16875000000000004 0.3140625 0.30781250000000004 0.4203125 0.3078125000000001
2 0.2359375 0.18906250000000002 0.11250000000000004 0.1890625 0.11250000000000004 0.353125 0.2359375 0.353125
2 0.18906250000000002 0.048437500000000015 0.0921875 0.04843750000000001 0.0921875 0.19062500000000002 0.18906250000000005 0.19062500000000004
2 0.5859375 0.08125000000000007 0.4984375 0.08125000000000007 0.4984375 0.17656250000000007 0.5859375 0.1765625000000001
2 0.396875 0.06406250000000005 0.2921875 0.06406250000000005 0.2921875 0.16875000000000004 0.396875 0.16875000000000004
2 0.5109375 0.017187500000000057 0.43125 0.017187500000000057 0.43125 0.13437500000000005 0.5109375 0.13437500000000005
2 0.428125 0.0015625000000000493 0.3765625 0.0015625000000000458 0.3765625 0.10625000000000004 0.428125 0.10625000000000004
2 0.315625 3.406048910128576e-17 0.240625 2.9468063604483184e-17 0.240625 0.10156250000000004 0.315625 0.10156250000000004
2 0.1265625 1.0332957367805793e-17 0.0421875 5.1664786839028965e-18 0.0421875 0.09375000000000001 0.1265625 0.09375000000000003
5 0.803125 0.0031250000000000965 0.7703125 0.0031250000000000943 0.7703125 0.1296875000000001 0.803125 0.1296875000000001
5 0.8328125 9.969390349308921e-17 0.7953125 9.739769074468794e-17 0.7953125 0.12031250000000009 0.8328125 0.12031250000000009
5 0.4281250000000001 0.6875 0.37968750000000007 0.6875 0.37968750000000007 0.753125 0.4281250000000002 0.753125
5 0.6953125000000002 0.7296875 0.6390625000000002 0.7296875 0.6390625000000002 0.790625 0.6953125000000002 0.790625
5 0.9671875 0.7390625000000002 0.90625 0.7390625000000002 0.90625 0.8046875 0.9671875 0.8046875
5 0.590625 0.5453125 0.540625 0.5453125 0.540625 0.603125 0.590625 0.603125
5 0.38125000000000003 0.35781250000000003 0.3390625 0.3578125 0.33906250000000004 0.4015625 0.3812500000000001 0.4015625
5 0.4984375 0.18281250000000004 0.4640625 0.18281250000000004 0.4640625 0.2312500000000001 0.4984375 0.2312500000000001
5 0.3578125 0.17812500000000003 0.3265625 0.17812500000000003 0.3265625 0.221875 0.3578125 0.221875
5 0.16250000000000003 0.20625 0.12812500000000004 0.20625 0.12812500000000004 0.246875 0.16250000000000003 0.246875