0 0.2750000000000001 0.6515625 0.20468750000000008 0.6515625 0.20468750000000008 0.7078125 0.2750000000000001 0.7078125
0 0.5515625 0.5609375 0.4875 0.5609375 0.4875 0.60625 0.5515625 0.60625
0 0.74375 0.4171875000000001 0.7 0.4171875 0.7 0.4546875000000001 0.74375 0.4546875000000002
0 0.809375 0.4437500000000002 0.76875 0.4437500000000002 0.76875 0.4781250000000002 0.809375 0.4781250000000002
5 0.7828125 0.4109375000000002 0.76875 0.4109375000000002 0.76875 0.4593750000000002 0.7828125 0.4593750000000002
5 0.7953125 0.4078125000000002 0.7765625 0.4078125000000002 0.7765625 0.4578125000000002 0.7953125 0.4578125000000002
0 0.8265625 0.4125000000000002 0.790625 0.4125000000000002 0.790625 0.44062500000000016 0.8265625 0.44062500000000016
0 0.859375 0.3687500000000001 0.83125 0.3687500000000001 0.83125 0.4031250000000002 0.859375 0.4031250000000002
0 0.7125 0.5 0.66875 0.5 0.66875 0.5296875 0.7125 0.5296875
5 0.8546875 0.3343750000000001 0.834375 0.3343750000000001 0.834375 0.3781250000000001 0.8546875 0.3781250000000001
0 0.8875 0.3359375000000001 0.865625 0.3359375000000001 0.865625 0.3656250000000001 0.8875 0.3656250000000001
0 0.565625 0.7125 0.509375 0.7125 0.5093750000000001 0.7796875 0.5656250000000002 0.7796875
7 0.2531250000000001 0.5 0.12656250000000005 0.5 0.12656250000000008 0.6109375 0.2531250000000001 0.6109375
7 0.3921875000000001 0.4390625 0.28593750000000007 0.4390625 0.28593750000000007 0.540625 0.3921875000000001 0.540625
7 0.15781250000000005 0.409375 0.08750000000000005 0.409375 0.08750000000000005 0.5125 0.15781250000000005 0.5125
7 0.646875 0.4390625 0.5875 0.4390625 0.5875 0.5375 0.646875 0.5375
5 0.728125 0.3781250000000001 0.709375 0.3781250000000001 0.709375 0.4312500000000001 0.728125 0.4312500000000002
5 0.70625 0.3156250000000001 0.690625 0.3156250000000001 0.690625 0.38750000000000007 0.70625 0.38750000000000007
7 0.778125 0.30937500000000007 0.7203125 0.30937500000000007 0.7203125 0.3937500000000001 0.778125 0.3937500000000001
2 0.4671875000000001 0.6203125 0.2984375000000001 0.6203125 0.2984375000000001 0.765625 0.4671875000000002 0.765625
2 0.10156250000000008 0.7390625 9.050905249948406e-17 0.7390625 9.624958437048727e-17 0.8328125 0.10156250000000008 0.8328125
7 0.8875 0.6921875000000002 0.7625 0.6921875000000002 0.7625000000000001 0.9078125 0.8875 0.9078125
5 0.0828125000000001 0.8109375 0.0421875000000001 0.8109375 0.04218750000000011 0.90625 0.08281250000000011 0.90625
5 0.2250000000000001 0.6140625 0.2062500000000001 0.6140625 0.2062500000000001 0.678125 0.2250000000000001 0.678125
5 0.5515625 0.6453125 0.525 0.6453125 0.525 0.721875 0.5515625 0.721875
5 0.83125 0.6140625000000002 0.8015625 0.6140625000000002 0.8015625 0.6796875000000002 0.83125 0.6796875000000002
5 0.24218750000000008 0.603125 0.21875000000000008 0.603125 0.21875000000000008 0.6703125 0.24218750000000008 0.6703125
5 0.3656250000000001 0.5734375 0.3500000000000001 0.5734375 0.3500000000000001 0.615625 0.3656250000000001 0.615625
5 0.5234375 0.5109375 0.5015625 0.5109375 0.5015625 0.5671875 0.5234375 0.5671875
5 0.3812500000000001 0.5625 0.3625000000000001 0.5625 0.3625000000000001 0.6171875 0.3812500000000001 0.6171875
5 0.22812500000000008 0.521875 0.20312500000000008 0.521875 0.20312500000000008 0.590625 0.22812500000000008 0.590625
5 0.045312500000000054 0.428125 0.031250000000000056 0.428125 0.031250000000000056 0.4796875 0.045312500000000054 0.4796875
5 0.9796875 0.3296875000000001 0.9671875 0.3296875000000001 0.9671875 0.3703125000000001 0.9796875 0.3703125000000001
5 0.421875 0.35625000000000007 0.409375 0.35625000000000007 0.409375 0.4125 0.421875 0.4125
1 0.61875 0.3828125000000001 0.415625 0.3828125000000001 0.415625 0.5046875 0.61875 0.5046875
5 0.475 0.3546875000000001 0.4515625 0.3546875000000001 0.4515625 0.41875 0.475 0.41875
0 0.5796875 0.4984375 0.53125 0.4984375 0.53125 0.5421875 0.5796875 0.5421875
5 0.5578125 0.459375 0.5421875 0.459375 0.5421875 0.5078125 0.5578125 0.5078125
5 0.796875 0.33281250000000007 0.7859375 0.33281250000000007 0.7859375 0.3687500000000001 0.796875 0.3687500000000001
5 0.815625 0.3781250000000001 0.8015625 0.3781250000000001 0.8015625 0.4156250000000002 0.815625 0.4156250000000002
5 0.7984375 0.2875000000000001 0.7859375 0.2875000000000001 0.7859375 0.33281250000000007 0.7984375 0.33281250000000007
5 0.7703125 0.2718750000000001 0.759375 0.2718750000000001 0.759375 0.3078125000000001 0.7703125 0.3078125000000001
5 0.8109375 0.3265625000000001 0.7921875 0.3265625000000001 0.7921875 0.3578125000000001 0.8109375 0.3578125000000001
5 0.7953125 0.2640625000000001 0.7828125 0.2640625000000001 0.7828125 0.2890625000000001 0.7953125 0.2890625000000001
5 0.9734375 0.19531250000000014 0.959375 0.19531250000000014 0.959375 0.2390625000000001 0.9734375 0.2390625000000001
0 0.8265625 0.2656250000000001 0.796875 0.2656250000000001 0.796875 0.30156250000000007 0.8265625 0.30156250000000007
2 0.8890625 0.1781250000000001 0.8328125 0.1781250000000001 0.8328125 0.20468750000000008 0.8890625 0.20468750000000008