7 0.14531250000000007 0.1828125 0.0015625000000000222 0.1828125 0.0015625000000000528 0.68125 0.1453125000000001 0.68125
5 0.5703125 0.3000000000000001 0.5 0.3000000000000001 0.5 0.4859375 0.5703125 0.4859375
5 0.896875 0.2968750000000001 0.85 0.2968750000000001 0.85 0.49218750000000017 0.896875 0.49218750000000017
5 0.4546875 0.21093750000000008 0.4203125 0.21093750000000008 0.4203125 0.3828125000000001 0.4546875 0.3828125000000001
5 0.59375 0.24218750000000008 0.5625 0.24218750000000008 0.5625 0.3609375000000001 0.59375 0.3609375000000001
0 0.546875 0.2500000000000001 0.5234375 0.2500000000000001 0.5234375 0.2875000000000001 0.546875 0.2875000000000001
5 0.5453125 0.19687500000000008 0.528125 0.19687500000000005 0.528125 0.2531250000000001 0.5453125 0.2531250000000001
5 0.37343750000000003 0.2828125 0.3328125 0.2828125 0.33281250000000007 0.5765625 0.3734375000000001 0.5765625
5 0.959375 0.3031250000000001 0.915625 0.3031250000000001 0.915625 0.47656250000000017 0.959375 0.47656250000000017
5 1 0.2531250000000001 0.946875 0.2531250000000001 0.946875 0.4625000000000002 1 0.4625000000000002
7 0.665625 0.18906250000000008 0.6046875 0.18906250000000008 0.6046875 0.3234375000000001 0.665625 0.3234375000000001
7 0.865625 0.1984375000000001 0.7703125 0.1984375000000001 0.7703125 0.41718750000000016 0.865625 0.41718750000000016
7 0.4328125 0.16562500000000005 0.3921875 0.16562500000000005 0.3921875 0.2640625000000001 0.4328125 0.2640625000000001
0 0.5640625 0.4890625 0.5125 0.4890625 0.5125 0.6375 0.5640625 0.6375
0 0.9703125 0.4437500000000002 0.734375 0.4437500000000002 0.734375 0.6046875000000002 0.9703125 0.6046875000000002
0 0.5953125 0.35625000000000007 0.5734375 0.35625000000000007 0.5734375 0.428125 0.5953125 0.428125
2 0.76875 0.19531250000000008 0.653125 0.19531250000000008 0.653125 0.4390625000000001 0.76875 0.4390625000000002