1 0.9429407102408678 0.34713919684160155 0.14216014565720217 0.32904246091880684 0.13039416424070835 0.8496871385986602 0.931174728824374 0.8677838745214549
5 0.51875 0.6 0.4546875 0.6 0.4546875000000001 0.9234375 0.5187500000000002 0.9234375
5 0.5562500000000001 0.59375 0.5046875 0.59375 0.5046875000000001 0.9 0.5562500000000001 0.9
5 0.42656250000000007 0.5953125 0.36406250000000007 0.5953125 0.36406250000000007 0.9171875 0.4265625000000002 0.9171875
5 0.4359375 0.6 0.40625 0.6 0.40625 0.64375 0.4359375 0.64375
5 0.45 0.565625 0.4265625 0.565625 0.4265625 0.6109375 0.45 0.6109375
5 0.2375000000000001 0.521875 0.2093750000000001 0.521875 0.2093750000000001 0.5703125 0.2375000000000001 0.5703125
5 0.32500000000000007 0.51875 0.2718750000000001 0.51875 0.2718750000000001 0.765625 0.32500000000000007 0.765625
5 0.3609375000000001 0.5375 0.3312500000000001 0.5375 0.3312500000000001 0.78125 0.3609375000000001 0.78125
5 0.3984375000000001 0.559375 0.3656250000000001 0.559375 0.3656250000000001 0.5953125 0.3984375000000001 0.5953125
5 0.2750000000000001 0.540625 0.2296875000000001 0.540625 0.2296875000000001 0.7484375 0.2750000000000001 0.7484375
5 0.5109375 0.5546875 0.475 0.5546875 0.475 0.5984375 0.5109375 0.5984375