5 0.15000000000000005 0.2453125 0.11406250000000004 0.2453125 0.11406250000000004 0.3390625 0.15000000000000005 0.3390625
5 0.18125000000000005 0.2390625 0.15468750000000003 0.2390625 0.15468750000000003 0.33125 0.18125000000000005 0.33125
5 0.28125000000000006 0.25 0.246875 0.25 0.24687500000000004 0.3921875 0.2812500000000001 0.3921875
5 0.615625 0.3156250000000001 0.5140625 0.3156250000000001 0.5140625 0.675 0.615625 0.675
5 0.032812500000000036 0.2671875 0.009375000000000033 0.2671875 0.009375000000000038 0.346875 0.03281250000000004 0.346875
5 0.246875 0.265625 0.21875 0.265625 0.21875 0.3546875 0.246875 0.3546875
5 0.07656250000000003 0.26875 0.046875000000000035 0.26875 0.04687500000000004 0.3484375 0.07656250000000005 0.3484375
0 0.4046875 0.2921875000000001 0.38125 0.2921875000000001 0.38125 0.3296875000000001 0.4046875 0.3296875000000001
5 0.403125 0.2562500000000001 0.384375 0.2562500000000001 0.384375 0.2906250000000001 0.403125 0.2906250000000001
5 0.48125 0.2593750000000001 0.4640625 0.2593750000000001 0.4640625 0.3390625000000001 0.48125 0.3390625000000001
5 0.9625 0.17968750000000014 0.91875 0.17968750000000014 0.91875 0.3968750000000001 0.9625 0.3968750000000001
5 0.8671875 0.20468750000000008 0.8234375 0.20468750000000008 0.8234375 0.3828125000000001 0.8671875 0.3828125000000001
5 0.9953125 0.2671875000000001 0.959375 0.2671875000000001 0.959375 0.41406250000000017 0.9953125 0.41406250000000017
5 0.7609375 0.24218750000000008 0.715625 0.24218750000000008 0.715625 0.3625000000000001 0.7609375 0.3625000000000001
5 0.5859375 0.24375000000000008 0.571875 0.24375000000000008 0.571875 0.32500000000000007 0.5859375 0.32500000000000007
5 0.6296875 0.2484375000000001 0.6171875 0.2484375000000001 0.6171875 0.2968750000000001 0.6296875 0.2968750000000001
5 0.659375 0.2531250000000001 0.646875 0.2531250000000001 0.646875 0.3109375000000001 0.659375 0.3109375000000001
5 0.31093750000000003 0.2375 0.278125 0.2375 0.27812500000000007 0.396875 0.3109375000000001 0.396875
5 0.440625 0.2593750000000001 0.428125 0.2593750000000001 0.428125 0.3000000000000001 0.440625 0.3000000000000001
5 0.5015625 0.2484375000000001 0.4875 0.2484375000000001 0.4875 0.3375000000000001 0.5015625 0.3375000000000001
5 0.540625 0.27031250000000007 0.5125 0.27031250000000007 0.5125 0.3218750000000001 0.540625 0.3218750000000001
5 0.71875 0.2390625000000001 0.6984375 0.2390625000000001 0.6984375 0.2812500000000001 0.71875 0.2812500000000001
0 0.7859375 0.3453125000000001 0.7203125 0.3453125000000001 0.7203125 0.5078125000000001 0.7859375 0.5078125000000002
2 0.5640625 0.2578125000000001 0.5359375 0.2578125000000001 0.5359375 0.2968750000000001 0.5640625 0.2968750000000001