5 0.971875 0.5125000000000002 0.8640625 0.5125000000000002 0.8640625 0.840625 0.971875 0.840625
5 0.5703125000000001 0.553125 0.490625 0.553125 0.4906250000000001 0.765625 0.5703125000000002 0.765625
5 0.2687500000000001 0.56875 0.22812500000000008 0.56875 0.22812500000000008 0.7140625 0.2687500000000001 0.7140625
5 0.16562500000000008 0.615625 0.14843750000000008 0.615625 0.14843750000000008 0.69375 0.16562500000000008 0.69375
5 0.2062500000000001 0.603125 0.1703125000000001 0.603125 0.1703125000000001 0.69375 0.2062500000000001 0.69375
5 0.07500000000000008 0.6296875 0.056250000000000064 0.6296875 0.05625000000000008 0.6921875 0.0750000000000001 0.6921875
7 0.4515625000000001 0.5078125 0.2734375000000001 0.5078125 0.2734375000000001 0.98125 0.4515625000000002 0.98125
7 0.8328125 0.5015625000000001 0.590625 0.5015625 0.5906250000000001 0.9796875 0.8328125 0.9796875
7 0.1468750000000001 0.6046875 0.08125000000000007 0.6046875 0.08125000000000007 0.684375 0.1468750000000001 0.684375
0 0.2750000000000001 0.7015625 0.2484375000000001 0.7015625 0.2484375000000001 0.8765625 0.2750000000000001 0.8765625
0 0.5703125000000002 0.746875 0.5015625000000001 0.746875 0.5015625000000001 1 0.5703125000000002 1