5 0.09687500000000003 0.184375 0.03906250000000002 0.184375 0.03906250000000004 0.409375 0.09687500000000004 0.409375
5 0.043750000000000046 0.26875 0.007812500000000033 0.26875 0.007812500000000042 0.4109375 0.04375000000000005 0.4109375
5 0.18437500000000004 0.19843750000000002 0.14843750000000006 0.1984375 0.14843750000000006 0.390625 0.18437500000000004 0.390625
5 0.478125 0.3140625000000001 0.390625 0.3140625000000001 0.39062500000000006 0.6609375 0.478125 0.6609375
5 0.721875 0.23593750000000008 0.6953125 0.23593750000000008 0.6953125 0.3937500000000001 0.721875 0.3937500000000001
5 0.75 0.2468750000000001 0.7265625 0.2468750000000001 0.7265625 0.3750000000000001 0.75 0.3750000000000001
5 0.85 0.2453125000000001 0.825 0.2453125000000001 0.825 0.3078125000000001 0.85 0.3078125000000001
5 0.8875 0.24218750000000008 0.8640625 0.24218750000000008 0.8640625 0.3031250000000001 0.8875 0.3031250000000001
5 0.9484375 0.2687500000000001 0.934375 0.2687500000000001 0.934375 0.3140625000000001 0.9484375 0.3140625000000001
5 0.9890625 0.2687500000000001 0.965625 0.2687500000000001 0.965625 0.3312500000000001 0.9890625 0.3312500000000001
5 0.78125 0.2609375000000001 0.7609375 0.2609375000000001 0.7609375 0.3390625000000001 0.78125 0.3390625000000001
5 0.353125 0.2515625 0.3390625 0.2515625 0.3390625 0.3125 0.353125 0.3125
5 0.3890625 0.2453125000000001 0.371875 0.2453125000000001 0.371875 0.3031250000000001 0.3890625 0.3031250000000001
5 0.43125 0.2500000000000001 0.4140625 0.2500000000000001 0.4140625 0.32500000000000007 0.43125 0.32500000000000007
5 0.4890625 0.27031250000000007 0.4625 0.27031250000000007 0.4625 0.31718750000000007 0.4890625 0.31718750000000007
5 0.51875 0.2453125000000001 0.4984375 0.2453125000000001 0.4984375 0.33281250000000007 0.51875 0.33281250000000007
5 0.5359375 0.2640625000000001 0.5203125 0.2640625000000001 0.5203125 0.33281250000000007 0.5359375 0.33281250000000007
5 0.2890625 0.2359375 0.2546875 0.2359375 0.2546875 0.3484375 0.2890625 0.3484375
5 0.3 0.2421875 0.2828125 0.2421875 0.2828125 0.2796875 0.3 0.2796875
0 0.615625 0.28593750000000007 0.5953125 0.28593750000000007 0.5953125 0.3312500000000001 0.615625 0.3312500000000001
5 0.6171875 0.26250000000000007 0.596875 0.26250000000000007 0.596875 0.2906250000000001 0.6171875 0.2906250000000001
0 0.321875 0.35 0.209375 0.35 0.20937500000000003 0.5015625 0.3218750000000001 0.5015625
2 0.465625 0.2578125000000001 0.4359375 0.2578125000000001 0.4359375 0.2953125000000001 0.465625 0.2953125000000001