5 0.24218750000000008 0.4203125 0.12968750000000004 0.4203125 0.12968750000000007 0.8515625 0.24218750000000008 0.8515625
5 0.4250000000000001 0.30625 0.3546875 0.30625 0.35468750000000004 0.7328125 0.42500000000000016 0.7328125
5 0.5875 0.2984375000000001 0.5359375 0.2984375000000001 0.5359375 0.58125 0.5875 0.58125
5 0.6453125 0.3187500000000001 0.59375 0.3187500000000001 0.59375 0.7203125 0.6453125 0.7203125
8 0.225 0.215625 2.6406446606614805e-17 0.215625 3.4921568881936244e-17 0.3546875 0.225 0.3546875
5 0.18281250000000004 0.19062500000000002 0.16718750000000004 0.190625 0.16718750000000004 0.2171875 0.18281250000000004 0.2171875
5 0.19218750000000004 0.19687500000000005 0.18281250000000004 0.19687500000000005 0.18281250000000004 0.2171875 0.19218750000000004 0.2171875
0 0.853125 0.2671875000000001 0.8203125 0.2671875000000001 0.8203125 0.2968750000000001 0.853125 0.2968750000000001
5 0.853125 0.20312500000000008 0.8265625 0.20312500000000008 0.8265625 0.26250000000000007 0.853125 0.26250000000000007
5 0.23125 0.18281250000000004 0.221875 0.18281250000000004 0.221875 0.209375 0.23125 0.209375
5 0.259375 0.19531250000000006 0.2484375 0.19531250000000006 0.2484375 0.215625 0.259375 0.215625
5 0.2625 0.16718750000000004 0.2546875 0.16718750000000004 0.2546875 0.18906250000000005 0.2625 0.18906250000000005
8 0.7125 0.03281250000000008 0.5484375 0.032812500000000064 0.5484375 0.3296875000000001 0.7125 0.3296875000000001
2 0.3453125 0.2171875 0.2671875 0.2171875 0.2671875 0.2890625 0.3453125 0.2890625
8 0.3609375 0.18593750000000003 0.334375 0.18593750000000003 0.334375 0.2265625 0.3609375 0.2265625
8 0.3265625 0.16250000000000003 0.3109375 0.16250000000000003 0.3109375 0.19218750000000004 0.3265625 0.19218750000000004
8 0.384375 0.15937500000000004 0.3625 0.15937500000000004 0.3625 0.18593750000000003 0.384375 0.18593750000000003
2 0.9359375 0.17812500000000012 0.8828125 0.1781250000000001 0.8828125 0.2140625000000001 0.9359375 0.2140625000000001
2 0.878125 0.17343750000000008 0.840625 0.17343750000000008 0.840625 0.2015625000000001 0.878125 0.2015625000000001
8 0.790625 0.17343750000000008 0.759375 0.17343750000000008 0.759375 0.19531250000000008 0.790625 0.19531250000000008