0 0.09531250000000005 0.3515625 0.057812500000000044 0.3515625 0.05781250000000006 0.471875 0.09531250000000006 0.471875
1 0.12656250000000002 0.165625 2.0283212610878037e-17 0.165625 3.319940932063528e-17 0.3765625 0.12656250000000005 0.3765625
5 0.10781250000000005 0.278125 0.06093750000000005 0.278125 0.06093750000000005 0.3734375 0.10781250000000005 0.3734375
5 0.603125 0.2671875000000001 0.5515625 0.2671875000000001 0.5515625 0.3453125000000001 0.603125 0.3453125000000001
5 0.571875 0.2718750000000001 0.5046875 0.2718750000000001 0.5046875 0.3921875000000001 0.571875 0.3921875000000001
5 0.6546875 0.2906250000000001 0.6140625 0.2906250000000001 0.6140625 0.3937500000000001 0.6546875 0.3937500000000001
5 0.771875 0.3000000000000001 0.709375 0.3000000000000001 0.709375 0.6421875000000001 0.771875 0.6421875000000001
5 0.6765625 0.3062500000000001 0.64375 0.3062500000000001 0.64375 0.37187500000000007 0.6765625 0.37187500000000007
2 1 0.3343750000000001 0.815625 0.3343750000000001 0.815625 0.6281250000000002 1 0.6281250000000002
5 0.9578125 0.3062500000000001 0.928125 0.3062500000000001 0.928125 0.3453125000000001 0.9578125 0.3453125000000001
8 0.6734375 0.1859375000000001 0.5859375 0.1859375000000001 0.5859375 0.2984375000000001 0.6734375 0.2984375000000001
5 0.678125 0.2765625000000001 0.659375 0.2765625000000001 0.659375 0.30937500000000007 0.678125 0.30937500000000007
7 0.2609375 0.2578125 0.2296875 0.2578125 0.2296875 0.3234375 0.2609375 0.3234375
0 0.2921875 0.2953125 0.271875 0.2953125 0.271875 0.325 0.2921875 0.325
5 0.2921875 0.2640625 0.2703125 0.2640625 0.2703125 0.2921875 0.2921875 0.2921875
5 0.2171875 0.26875 0.203125 0.26875 0.203125 0.30625 0.2171875 0.30625
2 0.403125 0.2640625000000001 0.36875 0.2640625000000001 0.36875 0.3203125000000001 0.403125 0.3203125000000001
5 0.44375 0.2671875000000001 0.428125 0.2671875000000001 0.428125 0.3156250000000001 0.44375 0.3156250000000001
5 0.503125 0.2453125000000001 0.4734375 0.2453125000000001 0.4734375 0.3312500000000001 0.503125 0.3312500000000001
2 0.3828125 0.27343750000000006 0.3296875 0.2734375 0.3296875 0.33437500000000003 0.3828125 0.3343750000000001
2 0.809375 0.3109375000000001 0.678125 0.3109375000000001 0.678125 0.4703125000000001 0.809375 0.4703125000000002
2 0.4265625 0.2671875000000001 0.4046875 0.2671875000000001 0.4046875 0.2968750000000001 0.4265625 0.2968750000000001
8 0.2078125 0.2234375 0.12968750000000004 0.2234375 0.12968750000000004 0.2875 0.2078125 0.2875
8 0.25625 0.225 0.2125 0.225 0.2125 0.275 0.25625 0.275
8 0.275 0.228125 0.253125 0.228125 0.253125 0.271875 0.275 0.271875
8 0.3125 0.2265625 0.29375 0.2265625 0.29375 0.265625 0.3125 0.265625
1 0.7875 0.23437500000000008 0.7203125 0.23437500000000008 0.7203125 0.3031250000000001 0.7875 0.3031250000000001
1 0.7140625 0.2515625000000001 0.6765625 0.2515625000000001 0.6765625 0.2984375000000001 0.7140625 0.2984375000000001