5 0.17968750000000006 0.3734375 0.13437500000000005 0.3734375 0.13437500000000005 0.5015625 0.17968750000000006 0.5015625
5 0.39375000000000004 0.35156250000000006 0.3484375 0.3515625 0.34843750000000007 0.6640625 0.3937500000000001 0.6640625
5 0.5328125000000001 0.2718750000000001 0.4546875 0.2718750000000001 0.4546875000000001 0.75625 0.5328125000000001 0.75625
5 0.8609375 0.04062500000000009 0.6953125 0.04062500000000009 0.6953125000000001 1 0.8609375 1
5 0.409375 0.35625000000000007 0.3796875 0.35625000000000007 0.37968750000000007 0.4046875 0.409375 0.4046875
5 0.4390625 0.453125 0.4234375 0.453125 0.4234375 0.5484375 0.4390625 0.5484375
5 0.4578125 0.453125 0.4421875 0.453125 0.4421875 0.5484375 0.4578125 0.5484375
7 0.30937500000000007 0.446875 0.2562500000000001 0.446875 0.2562500000000001 0.54375 0.30937500000000007 0.54375
0 0.22656250000000008 0.5046875 0.09687500000000007 0.5046875 0.09687500000000007 0.634375 0.22656250000000008 0.634375
0 0.05468750000000007 0.503125 0.010937500000000062 0.503125 0.010937500000000063 0.5390625 0.05468750000000007 0.5390625
5 0.039062500000000056 0.446875 0.014062500000000056 0.446875 0.014062500000000058 0.4984375 0.039062500000000056 0.4984375
8 0.7 0.4671875 0.6203125 0.4671875 0.6203125 0.553125 0.7 0.553125
2 1 0.4734375000000002 0.896875 0.4734375000000002 0.896875 0.6421875000000001 1 0.6421875000000001
3 0.96875 0.35625000000000007 0.715625 0.35625000000000007 0.7156250000000001 0.821875 0.96875 0.821875
3 0.5531250000000001 0.459375 0.490625 0.459375 0.4906250000000001 0.7359375 0.5531250000000002 0.7359375