1 0.7109375 0.4890625 0.6578125 0.4890625 0.6578125 0.578125 0.7109375 0.578125
8 0.65 0.4875 0.5984375 0.4875 0.5984375 0.590625 0.65 0.590625
8 0.7984375 0.4968750000000002 0.7546875 0.4968750000000002 0.7546875 0.6171875000000002 0.7984375 0.6171875000000002
7 0.4375000000000001 0.4109375 0.13437500000000005 0.4109375 0.13437500000000008 0.99375 0.43750000000000017 0.99375
2 0.7609375 0.5578125 0.66875 0.5578125 0.66875 0.6984375 0.7609375 0.6984375000000002
2 0.625 0.553125 0.58125 0.553125 0.58125 0.621875 0.625 0.621875
2 0.4953125 0.546875 0.4546875 0.546875 0.4546875 0.6 0.4953125 0.6
2 0.1453125000000001 0.5578125 0.07500000000000007 0.5578125 0.07500000000000007 0.6234375 0.1453125000000001 0.6234375
2 0.07968750000000008 0.5671875 6.946043563913895e-17 0.5671875 8.075014831877861e-17 0.7515625 0.07968750000000009 0.7515625
0 0.58125 0.5890625 0.5671875 0.5890625 0.5671875 0.6265625 0.58125 0.6265625
5 0.584375 0.5421875 0.5640625 0.5421875 0.5640625 0.5890625 0.584375 0.5890625
0 0.6578125 0.59375 0.64375 0.59375 0.64375 0.625 0.6578125 0.625
5 0.6546875 0.546875 0.6390625 0.546875 0.6390625 0.59375 0.6546875 0.59375