5 0.759375 0.17812500000000006 0.534375 0.17812500000000003 0.534375 0.5937500000000001 0.759375 0.5937500000000002
5 0.2234375 0.17812500000000003 0.184375 0.17812500000000003 0.184375 0.334375 0.2234375 0.334375
5 0.259375 0.18125000000000005 0.2171875 0.18125000000000005 0.2171875 0.3203125 0.259375 0.3203125
5 0.3 0.18906250000000005 0.2640625 0.18906250000000005 0.2640625 0.325 0.3 0.325
5 0.9328125 0.20312500000000008 0.9125 0.20312500000000008 0.9125 0.3078125000000001 0.9328125 0.3078125000000001
5 0.9625 0.21875000000000008 0.940625 0.21875000000000008 0.940625 0.2718750000000001 0.9625 0.2718750000000001
1 0.25625 0.14218750000000005 0.21875 0.14218750000000005 0.21875 0.19687500000000005 0.25625 0.19687500000000005
0 0.2671875 0.18437500000000004 0.2515625 0.18437500000000004 0.2515625 0.2109375 0.2671875 0.2109375
5 0.2671875 0.17031250000000003 0.2546875 0.17031250000000003 0.2546875 0.18593750000000003 0.2671875 0.18593750000000003
2 0.3875 0.17187500000000006 0.3703125 0.17187500000000006 0.3703125 0.19218750000000004 0.3875 0.19218750000000004
2 0.415625 0.17187500000000006 0.3921875 0.17187500000000006 0.3921875 0.19375000000000003 0.415625 0.19375000000000003
5 0.4171875 0.16718750000000004 0.403125 0.16718750000000004 0.403125 0.2000000000000001 0.4171875 0.2000000000000001
1 0.434375 0.15625000000000006 0.4109375 0.15625000000000006 0.4109375 0.19218750000000004 0.434375 0.19218750000000004
0 0.45625 0.19375000000000003 0.44375 0.19375000000000003 0.44375 0.21093750000000008 0.45625 0.21093750000000008
5 0.4546875 0.17500000000000004 0.4453125 0.17500000000000004 0.4453125 0.19218750000000004 0.4546875 0.19218750000000004
7 0.325 0.16406250000000006 0.2984375 0.16406250000000006 0.2984375 0.2203125 0.325 0.2203125
7 0.04687500000000002 0.1578125 0.01093750000000002 0.1578125 0.010937500000000024 0.2171875 0.04687500000000002 0.2171875
7 0.10937500000000003 0.1609375 0.08281250000000002 0.1609375 0.08281250000000002 0.203125 0.10937500000000004 0.203125
8 0.07968750000000002 0.1171875 0.04843750000000001 0.1171875 0.048437500000000015 0.1828125 0.07968750000000002 0.1828125
8 0.1296875 0.1234375 0.08125000000000002 0.1234375 0.08125000000000002 0.178125 0.1296875 0.178125
1 0.209375 0.11562500000000002 0.134375 0.115625 0.13437500000000002 0.2171875 0.209375 0.2171875
1 0.403125 0.15468750000000003 0.3859375 0.15468750000000003 0.3859375 0.18125000000000005 0.403125 0.18125000000000005
8 0.7640625 0.0906250000000001 0.64375 0.0906250000000001 0.64375 0.21093750000000008 0.7640625 0.21093750000000008
8 0.9140625 0.1359375000000001 0.8046875 0.1359375000000001 0.8046875 0.2843750000000001 0.9140625 0.2843750000000001
8 0.5359375 0.14062500000000006 0.4609375 0.14062500000000006 0.4609375 0.2531250000000001 0.5359375 0.2531250000000001
4 0.6421875 0.1765625000000001 0.6 0.1765625000000001 0.6 0.2656250000000001 0.6421875 0.2656250000000001
2 0.7046875 0.20312500000000008 0.6375 0.20312500000000008 0.6375 0.2890625000000001 0.7046875 0.2890625000000001