7 0.24218750000000008 0.7046875 0.11250000000000009 0.7046875 0.11250000000000009 0.903125 0.24218750000000008 0.903125
7 0.2828125 0.3109375 0.221875 0.3109375 0.22187500000000004 0.3890625 0.2828125000000001 0.3890625
7 0.4171875 0.4265625 0.3500000000000001 0.4265625 0.3500000000000001 0.534375 0.4171875 0.534375
7 0.875 0.4937500000000002 0.7625 0.4937500000000002 0.7625 0.6140625000000002 0.875 0.6140625000000002
7 0.9171875 0.4109375000000002 0.853125 0.4109375000000002 0.853125 0.5140625000000002 0.9171875 0.5140625000000002
7 0.7125 0.4296875 0.6109375 0.4296875 0.6109375 0.546875 0.7125 0.546875
0 0.035937500000000046 0.359375 0.017187500000000043 0.359375 0.017187500000000043 0.384375 0.035937500000000046 0.384375
0 0.16718750000000004 0.371875 0.14375000000000004 0.371875 0.14375000000000004 0.3984375 0.16718750000000004 0.3984375
0 0.2953125000000001 0.4203125 0.2687500000000001 0.4203125 0.2687500000000001 0.4578125 0.2953125000000001 0.4578125
0 0.2296875000000001 0.4421875 0.2015625000000001 0.4421875 0.2015625000000001 0.478125 0.2296875000000001 0.478125
0 0.32500000000000007 0.5 0.2906250000000001 0.5 0.2906250000000001 0.5265625 0.32500000000000007 0.5265625
0 0.509375 0.559375 0.45625 0.559375 0.45625 0.6015625 0.509375 0.6015625
1 0.5828125 0.3843750000000001 0.3828125000000001 0.3843750000000001 0.3828125000000001 0.4828125 0.5828125 0.4828125
0 0.4703125 0.490625 0.425 0.490625 0.425 0.5421875 0.4703125 0.5421875
0 0.7984375 0.6515625000000002 0.728125 0.6515625000000002 0.728125 0.7171875000000002 0.7984375 0.7171875000000002
0 0.21093750000000008 0.6578125 0.16562500000000008 0.6578125 0.16562500000000008 0.7109375 0.21093750000000008 0.7109375
0 0.48906250000000007 0.7125 0.440625 0.7125 0.4406250000000001 0.7828125 0.4890625000000002 0.7828125
2 0.7046875000000001 0.61875 0.534375 0.61875 0.534375 0.75625 0.7046875000000001 0.75625
5 0.9546875 0.8109375 0.921875 0.8109375 0.921875 0.8984375 0.9546875 0.8984375
2 1 0.7468750000000002 0.903125 0.7468750000000002 0.903125 0.8453125 1 0.8453125
5 0.6359375 0.56875 0.621875 0.56875 0.621875 0.609375 0.6359375 0.609375
5 0.4984375 0.5109375 0.48125 0.5109375 0.48125 0.5625 0.4984375 0.5625
5 0.4796875 0.6453125 0.4515625 0.6453125 0.4515625 0.7140625 0.4796875 0.7140625
5 0.1937500000000001 0.6140625 0.17187500000000008 0.6140625 0.17187500000000008 0.66875 0.1937500000000001 0.66875
5 0.034375000000000044 0.328125 0.02031250000000004 0.328125 0.020312500000000042 0.3640625 0.034375000000000044 0.3640625
5 0.4625 0.465625 0.45 0.465625 0.45 0.4984375 0.4625 0.4984375
5 0.546875 0.3578125000000001 0.5328125 0.3578125000000001 0.5328125 0.4015625 0.546875 0.4015625
5 0.30937500000000007 0.325 0.296875 0.325 0.29687500000000006 0.3828125 0.30937500000000007 0.3828125
5 0.29375000000000007 0.3828125 0.2765625000000001 0.3828125 0.2765625000000001 0.421875 0.29375000000000007 0.421875
5 0.2218750000000001 0.40625 0.2093750000000001 0.40625 0.2093750000000001 0.440625 0.2218750000000001 0.440625
5 0.2328125000000001 0.4109375 0.22031250000000008 0.4109375 0.22031250000000008 0.453125 0.2328125000000001 0.453125
5 0.2015625000000001 0.3765625 0.18750000000000006 0.3765625 0.18750000000000006 0.4125 0.2015625000000001 0.4125
5 0.3218750000000001 0.4609375 0.3078125000000001 0.4609375 0.3078125000000001 0.5 0.3218750000000001 0.5
5 0.653125 0.5765625 0.6375 0.5765625 0.6375 0.6140625 0.653125 0.6140625
5 0.778125 0.6078125000000002 0.7609375 0.6078125000000002 0.7609375 0.6578125000000001 0.778125 0.6578125000000001
5 0.16562500000000005 0.3359375 0.15000000000000005 0.3359375 0.15000000000000005 0.3734375 0.16562500000000005 0.3734375
5 0.22031250000000005 0.3609375 0.20625 0.3609375 0.20625000000000004 0.39375 0.22031250000000008 0.39375
5 0.21562500000000004 0.3296875 0.203125 0.3296875 0.20312500000000006 0.365625 0.2156250000000001 0.365625
5 0.215625 0.2859375 0.203125 0.2859375 0.203125 0.3359375 0.215625 0.3359375
5 0.21875 0.265625 0.2078125 0.265625 0.2078125 0.2828125 0.21875 0.2828125
5 0.2421875 0.2734375 0.228125 0.2734375 0.228125 0.3015625 0.2421875 0.3015625
5 0.7953125 0.5187500000000002 0.775 0.5187500000000002 0.775 0.5875000000000001 0.7953125 0.5875000000000001
5 0.03906250000000003 0.1953125 0.029687500000000023 0.1953125 0.029687500000000026 0.2390625 0.039062500000000035 0.2390625
2 0.16875 0.175 0.115625 0.175 0.11562500000000002 0.203125 0.16875000000000004 0.203125
1 0.7953125 0.6140625000000002 0.7765625 0.6140625000000002 0.7765625 0.6687500000000002 0.7953125 0.6687500000000002