1 0.8640625 0.32500000000000007 0.06093750000000005 0.325 0.06093750000000007 0.784375 0.8640625 0.7843750000000002
1 0.4281250000000001 0.32812500000000006 0.06562500000000004 0.328125 0.06562500000000007 0.8796875 0.4281250000000002 0.8796875
5 0.5015625000000001 0.6 0.4484375 0.6 0.4484375000000001 0.909375 0.5015625000000001 0.909375
5 0.5390625000000001 0.5953125 0.4875 0.5953125 0.4875000000000001 0.9203125 0.5390625000000002 0.9203125
5 0.6406250000000001 0.5921875 0.5828125 0.5921875 0.5828125000000001 0.9234375 0.6406250000000002 0.9234375
5 0.6781250000000001 0.5359375 0.6328125 0.5359375 0.6328125000000001 0.7671875 0.6781250000000002 0.7671875
5 0.7281250000000001 0.51875 0.68125 0.51875 0.6812500000000001 0.7562500000000001 0.7281250000000001 0.7562500000000002
5 0.7734375000000001 0.5343750000000002 0.734375 0.5343750000000002 0.7343750000000001 0.7562500000000002 0.7734375000000002 0.7562500000000002
5 0.790625 0.5171875000000001 0.7609375 0.5171875000000001 0.7609375 0.5593750000000002 0.790625 0.5593750000000002
5 0.5234375 0.5546875 0.4875 0.5546875 0.4875 0.59375 0.5234375 0.59375
5 0.5765625 0.5578125 0.546875 0.5578125 0.546875 0.609375 0.5765625 0.609375
5 0.6390625 0.553125 0.60625 0.553125 0.60625 0.596875 0.6390625 0.596875