7 0.6953125000000001 0.37031250000000004 0.3609375000000001 0.3703125 0.3609375000000001 0.8984375 0.6953125000000002 0.8984375
0 0.7734375 0.5593750000000002 0.7328125 0.5593750000000002 0.7328125 0.6468750000000002 0.7734375 0.6468750000000002
7 0.8109375 0.4906250000000002 0.7578125 0.4906250000000002 0.7578125 0.5968750000000002 0.8109375 0.5968750000000002
5 0.9796875 0.4625000000000002 0.9328125 0.4625000000000002 0.9328125 0.6546875000000002 0.9796875 0.6546875000000002
4 0.8875 0.4890625000000002 0.846875 0.4890625000000002 0.846875 0.5640625000000001 0.8875 0.5640625000000001
5 0.9125 0.4984375000000002 0.8890625 0.4984375000000002 0.8890625 0.5453125000000002 0.9125 0.5453125000000002
0 0.8546875 0.5578125000000002 0.8078125 0.5578125000000002 0.8078125 0.6218750000000002 0.8546875 0.6218750000000002
5 0.8484375 0.5015625000000001 0.809375 0.5015625000000001 0.809375 0.5609375000000002 0.8484375 0.5609375000000002
5 0.7625 0.4984375000000002 0.734375 0.4984375000000002 0.734375 0.5546875000000002 0.7625 0.5546875000000002
5 0.13906250000000003 0.3046875 0.07812500000000004 0.3046875 0.07812500000000006 0.4578125 0.13906250000000003 0.4578125
5 0.21875 0.20625 0.14062500000000006 0.20625 0.14062500000000006 0.3375 0.21875 0.3375
5 0.29375000000000007 0.2625 0.2375 0.2625 0.23750000000000004 0.6046875 0.29375000000000007 0.6046875
5 0.2609375 0.2296875 0.228125 0.2296875 0.228125 0.3015625 0.2609375 0.3015625
5 0.2890625 0.2171875 0.2578125 0.2171875 0.2578125 0.290625 0.2890625 0.290625
5 0.3609375 0.284375 0.3015625 0.284375 0.30156250000000007 0.584375 0.3609375000000001 0.584375
5 0.20937500000000003 0.3203125 0.15625000000000006 0.3203125 0.15625000000000006 0.6140625 0.2093750000000001 0.6140625
0 1 0.5375000000000002 0.9765625 0.5375000000000002 0.9765625 0.6312500000000002 1 0.6312500000000002