5 0.5078125000000001 0.5515625 0.425 0.5515625 0.4250000000000001 0.75 0.5078125000000002 0.75
5 0.13906250000000006 0.5171875 0.03125000000000007 0.5171875 0.03125000000000008 0.790625 0.1390625000000001 0.790625
5 0.7734375 0.5750000000000002 0.7296875 0.5750000000000002 0.7296875 0.6906250000000002 0.7734375 0.6906250000000002
5 0.825 0.5968750000000002 0.790625 0.5968750000000002 0.790625 0.6921875000000002 0.825 0.6921875000000002
5 0.853125 0.6125000000000002 0.83125 0.6125000000000002 0.83125 0.6718750000000002 0.853125 0.6718750000000002
5 0.9484375 0.6218750000000002 0.925 0.6218750000000002 0.925 0.6828125000000002 0.9484375 0.6828125000000002
7 0.4156250000000001 0.4953125 0.16250000000000003 0.4953125 0.1625000000000001 0.9625 0.4156250000000002 0.9625
7 0.7359375000000001 0.5156250000000001 0.54375 0.515625 0.5437500000000001 0.9671875 0.7359375000000001 0.9671875
0 0.09218750000000012 0.78125 9.567553118338697e-17 0.78125 1.0907010554906115e-16 1 0.09218750000000013 1
0 0.5109375000000002 0.74375 0.41406250000000017 0.74375 0.41406250000000017 0.9984375 0.5109375000000002 0.9984375
7 0.9203125 0.6015625000000002 0.8671875 0.6015625000000002 0.8671875 0.6890625000000001 0.9203125 0.6890625000000001