8 0.353125 0.215625 0.0015625000000000263 0.215625 0.0015625000000000521 0.6328125 0.3531250000000001 0.6328125
7 0.775 0.34843750000000007 0.6265625 0.34843750000000007 0.6265625 0.565625 0.775 0.5656250000000002
7 1 0.2250000000000001 0.86875 0.2250000000000001 0.86875 0.7328125000000002 1 0.7328125000000002
2 0.828125 0.4546875000000002 0.765625 0.4546875000000002 0.765625 0.5546875000000002 0.828125 0.5546875000000002
5 0.26093750000000004 0.3375 0.19062500000000004 0.3375 0.19062500000000007 0.60625 0.2609375000000001 0.60625
5 0.51875 0.2828125000000001 0.4234375 0.2828125000000001 0.4234375 0.51875 0.51875 0.51875
5 0.32812500000000006 0.3171875 0.25 0.3171875 0.25000000000000006 0.55 0.3281250000000001 0.55
5 0.6078125 0.2734375000000001 0.515625 0.2734375000000001 0.515625 0.49375 0.6078125 0.49375
5 0.68125 0.37968750000000007 0.65625 0.37968750000000007 0.65625 0.4546875 0.68125 0.4546875
5 0.8640625 0.3546875000000001 0.821875 0.3546875000000001 0.821875 0.4812500000000002 0.8640625 0.4812500000000002
0 0.8609375 0.4984375000000002 0.8046875 0.4984375000000002 0.8046875 0.6656250000000001 0.8609375 0.6656250000000001
0 0.5515625000000001 0.6109375 0.4234375 0.6109375 0.4234375000000001 0.8453125 0.5515625000000002 0.8453125
0 0.3156250000000001 0.609375 0.15625000000000008 0.609375 0.15625000000000008 0.828125 0.3156250000000001 0.828125
8 0.16093750000000007 0.2140625 0.0015625000000000263 0.2140625 0.0015625000000000615 0.7875 0.1609375000000001 0.7875