5 0.25781250000000006 0.3328125 0.18750000000000006 0.3328125 0.18750000000000006 0.4390625 0.2578125000000001 0.4390625
5 0.30156250000000007 0.3375 0.26875 0.3375 0.26875000000000004 0.41875 0.30156250000000007 0.41875
2 0.584375 0.3375000000000001 0.5140625 0.3375000000000001 0.5140625 0.540625 0.584375 0.540625
5 0.575 0.2890625000000001 0.55 0.2890625000000001 0.55 0.34843750000000007 0.575 0.34843750000000007
5 0.8078125 0.3453125000000001 0.7796875 0.3453125000000001 0.7796875 0.4156250000000002 0.8078125 0.4156250000000002
5 0.9015625 0.3390625000000001 0.859375 0.3390625000000001 0.859375 0.44843750000000016 0.9015625 0.44843750000000016
5 0.83125 0.2921875000000001 0.8046875 0.2921875000000001 0.8046875 0.3500000000000001 0.83125 0.3500000000000001
2 0.65625 0.2875000000000001 0.6078125 0.2875000000000001 0.6078125 0.3687500000000001 0.65625 0.3687500000000001
2 0.51875 0.30625 0.325 0.30625 0.32500000000000007 0.65 0.51875 0.65
7 0.7015625 0.2671875000000001 0.671875 0.2671875000000001 0.671875 0.35625000000000007 0.7015625 0.35625000000000007
0 0.2406250000000001 0.4359375 0.19843750000000004 0.4359375 0.19843750000000007 0.6015625 0.2406250000000001 0.6015625
0 0.30156250000000007 0.4171875 0.2687500000000001 0.4171875 0.2687500000000001 0.571875 0.30156250000000007 0.571875
0 0.8125 0.41718750000000016 0.775 0.41718750000000016 0.775 0.5250000000000001 0.8125 0.5250000000000001
0 0.90625 0.4593750000000002 0.8578125 0.4593750000000002 0.8578125 0.5656250000000002 0.90625 0.5656250000000002