5 0.23593750000000005 0.2640625 0.07031250000000003 0.2640625 0.07031250000000007 0.9625 0.23593750000000008 0.9625
5 0.4328125 0.3046875000000001 0.3640625 0.3046875000000001 0.36406250000000007 0.6671875 0.4328125 0.6671875
5 0.953125 0.1828125000000001 0.7765625 0.1828125000000001 0.7765625 1 0.953125 1
5 0.6875 0.3546875000000001 0.646875 0.3546875000000001 0.646875 0.475 0.6875 0.475
5 0.5953125 0.3765625000000001 0.5765625 0.3765625000000001 0.5765625 0.4734375 0.5953125 0.4734375
5 0.634375 0.3359375000000001 0.5953125 0.3359375000000001 0.5953125 0.475 0.634375 0.475
5 0.465625 0.3078125000000001 0.4375 0.3078125000000001 0.4375 0.3828125000000001 0.465625 0.3828125000000001
4 0.37343750000000003 0.26093750000000004 0.20625 0.2609375 0.20625000000000004 0.559375 0.3734375000000001 0.559375
5 0.3796875 0.32500000000000007 0.3625 0.325 0.3625 0.35781250000000003 0.3796875 0.3578125000000001
2 0.803125 0.34062500000000007 0.6484375 0.34062500000000007 0.6484375 0.7031250000000001 0.803125 0.7031250000000002
5 0.68125 0.2984375000000001 0.66875 0.2984375000000001 0.66875 0.3609375000000001 0.68125 0.3609375000000001
5 0.7 0.3062500000000001 0.684375 0.3062500000000001 0.684375 0.3828125000000001 0.7 0.3828125000000001
5 0.7296875 0.2984375000000001 0.715625 0.2984375000000001 0.715625 0.3281250000000001 0.7296875 0.3281250000000001
5 0.7609375 0.3062500000000001 0.7375 0.3062500000000001 0.7375 0.4031250000000002 0.7609375 0.4031250000000002
5 0.8015625 0.2968750000000001 0.78125 0.2968750000000001 0.78125 0.3609375000000001 0.8015625 0.3609375000000001
2 0.6125 0.29375000000000007 0.5765625 0.29375000000000007 0.5765625 0.33281250000000007 0.6125 0.33281250000000007
2 0.6640625 0.2968750000000001 0.634375 0.2968750000000001 0.634375 0.3359375000000001 0.6640625 0.3359375000000001
2 1 0.29375000000000007 0.928125 0.29375000000000007 0.928125 0.3734375000000001 1 0.3734375000000001
0 0.496875 0.3812500000000001 0.4640625 0.3812500000000001 0.4640625 0.4765625 0.496875 0.4765625
0 0.5734375 0.440625 0.49375 0.440625 0.49375 0.640625 0.5734375 0.640625
0 0.5875 0.3468750000000001 0.534375 0.3468750000000001 0.534375 0.403125 0.5875 0.403125