8 1 0.2906250000000001 0.75625 0.2906250000000001 0.75625 0.6890625000000001 1 0.6890625000000001
8 0.659375 0.08281250000000008 0.5546875 0.08281250000000007 0.5546875 0.2750000000000001 0.659375 0.2750000000000001
8 0.39375 0.10156250000000004 0.3203125 0.10156250000000004 0.3203125 0.22968750000000004 0.39375 0.2296875000000001
8 0.7625 0.1140625000000001 0.6578125 0.1140625000000001 0.6578125 0.2562500000000001 0.7625 0.2562500000000001
5 0.6343750000000001 0.34062500000000007 0.5015625 0.34062500000000007 0.5015625000000001 0.80625 0.6343750000000001 0.80625
5 0.5328125000000001 0.3468750000000001 0.3875 0.3468750000000001 0.38750000000000007 0.7453125 0.5328125000000001 0.7453125
5 0.08437500000000005 0.25625 0.01093750000000003 0.25625 0.010937500000000046 0.4984375 0.08437500000000006 0.4984375
5 0.15156250000000004 0.20625 0.10937500000000004 0.20625 0.10937500000000004 0.3328125 0.15156250000000004 0.3328125
0 0.09062500000000004 0.2484375 0.06718750000000002 0.2484375 0.06718750000000004 0.3171875 0.09062500000000004 0.3171875
0 0.06562500000000002 0.2140625 0.03125000000000002 0.2140625 0.03125000000000003 0.2640625 0.06562500000000002 0.2640625
5 0.09531250000000002 0.2109375 0.07031250000000003 0.2109375 0.07031250000000003 0.2546875 0.09531250000000002 0.2546875
0 0.3203125 0.2359375 0.2953125 0.2359375 0.2953125 0.2921875 0.3203125 0.2921875
5 0.321875 0.2 0.2953125 0.2 0.2953125 0.2421875 0.321875 0.2421875
8 0.4546875 0.15156250000000004 0.415625 0.15156250000000004 0.415625 0.2156250000000001 0.4546875 0.2156250000000001
0 0.428125 0.21250000000000008 0.4109375 0.21250000000000008 0.4109375 0.2500000000000001 0.428125 0.2500000000000001
5 0.428125 0.17500000000000004 0.4125 0.17500000000000004 0.4125 0.2093750000000001 0.428125 0.2093750000000001
5 0.8875 0.34062500000000007 0.8 0.34062500000000007 0.8 0.4625000000000002 0.8875 0.4625000000000002
5 0.9734375 0.3359375000000001 0.903125 0.3359375000000001 0.903125 0.4625000000000002 0.9734375 0.4625000000000002
0 0.9046875 0.24375000000000008 0.8859375 0.24375000000000008 0.8859375 0.2890625000000001 0.9046875 0.2890625000000001
5 0.909375 0.19218750000000012 0.878125 0.1921875000000001 0.878125 0.2406250000000001 0.909375 0.2406250000000001
0 0.78125 0.2484375000000001 0.7546875 0.2484375000000001 0.7546875 0.2765625000000001 0.78125 0.2765625000000001
5 0.7828125 0.1937500000000001 0.7546875 0.1937500000000001 0.7546875 0.2531250000000001 0.7828125 0.2531250000000001
0 0.8234375 0.2156250000000001 0.809375 0.2156250000000001 0.809375 0.2484375000000001 0.8234375 0.2484375000000001
5 0.8328125 0.17968750000000008 0.803125 0.17968750000000008 0.803125 0.22031250000000008 0.8328125 0.22031250000000008
5 0.15156250000000002 0.1796875 0.1328125 0.1796875 0.13281250000000003 0.2375 0.15156250000000004 0.2375
5 0.2125 0.17968750000000006 0.19375 0.17968750000000006 0.19375000000000003 0.24375 0.2125 0.24375
2 0.24375 0.16406250000000006 0.2140625 0.16406250000000006 0.2140625 0.19531250000000006 0.24375 0.19531250000000006
5 0.2578125 0.16406250000000006 0.246875 0.16406250000000006 0.246875 0.19218750000000004 0.2578125 0.19218750000000004
5 0.2796875 0.16250000000000003 0.2609375 0.16250000000000003 0.2609375 0.2 0.2796875 0.2
5 0.04843750000000002 0.1875 0.03125000000000002 0.1875 0.03125000000000002 0.2265625 0.04843750000000002 0.2265625
5 0.07500000000000002 0.184375 0.051562500000000025 0.184375 0.051562500000000025 0.23125 0.07500000000000002 0.23125
5 0.475 0.15468750000000003 0.465625 0.15468750000000003 0.465625 0.17187500000000006 0.475 0.17187500000000006
8 0.803125 0.1453125000000001 0.75625 0.1453125000000001 0.75625 0.2140625000000001 0.803125 0.2140625000000001
0 0.09062500000000004 0.315625 0.08593750000000004 0.315625 0.08593750000000004 0.3171875 0.09062500000000004 0.3171875
2 0.771875 0.2750000000000001 0.6921875 0.2750000000000001 0.6921875 0.4562500000000001 0.771875 0.45625000000000016
2 0.19062500000000002 0.16406250000000003 0.1625 0.1640625 0.16250000000000003 0.19843750000000002 0.19062500000000004 0.19843750000000004
4 0.41875 0.15000000000000005 0.39375 0.15000000000000005 0.39375 0.18281250000000004 0.41875 0.18281250000000004