2 1 0.1890625000000001 0.590625 0.18906250000000008 0.590625 0.503125 1 0.5031250000000002
5 0.14062500000000006 0.2015625 0.05468750000000002 0.2015625 0.054687500000000035 0.4078125 0.14062500000000006 0.4078125
5 0.4515625 0.36875 0.3625000000000001 0.36875 0.3625000000000001 0.5515625 0.4515625 0.5515625
5 0.403125 0.19375000000000003 0.34375 0.19375000000000003 0.34375 0.31250000000000006 0.403125 0.3125000000000001
5 0.3765625 0.26250000000000007 0.28125 0.2625 0.28125000000000006 0.4109375 0.3765625000000001 0.4109375
0 0.47343750000000007 0.5515625 0.3609375000000001 0.5515625 0.3609375000000001 0.75 0.4734375000000002 0.75
0 0.3687500000000001 0.4078125 0.3062500000000001 0.4078125 0.3062500000000001 0.5390625 0.3687500000000001 0.5390625
0 0.1609375 0.0015625000000000166 0.1125 0.001562500000000014 0.1125 0.08437500000000002 0.1609375 0.08437500000000002
0 0.35625 4.075777628412285e-17 0.309375 3.788751034862124e-17 0.309375 0.07500000000000004 0.35625 0.07500000000000004
0 0.740625 0.012500000000000086 0.6796875 0.012500000000000084 0.6796875 0.17343750000000008 0.740625 0.17343750000000008
0 0.68125 0.02187500000000008 0.609375 0.02187500000000007 0.609375 0.16562500000000008 0.68125 0.16562500000000008