5 0.5234375000000001 0.2921875000000001 0.3734375 0.2921875000000001 0.37343750000000003 0.809375 0.5234375000000002 0.809375
5 0.865625 0.2906250000000001 0.8046875 0.2906250000000001 0.8046875 0.4046875000000002 0.865625 0.4046875000000002
5 0.9171875 0.2671875000000001 0.8796875 0.2671875000000001 0.8796875 0.3937500000000001 0.9171875 0.3937500000000001
5 0.9734375 0.27812500000000007 0.9375 0.27812500000000007 0.9375 0.4031250000000002 0.9734375 0.4031250000000002
5 0.715625 0.26250000000000007 0.6921875 0.26250000000000007 0.6921875 0.34062500000000007 0.715625 0.34062500000000007
5 0.7359375 0.2609375000000001 0.71875 0.2609375000000001 0.71875 0.34062500000000007 0.7359375 0.34062500000000007
0 0.753125 0.2984375000000001 0.7375 0.2984375000000001 0.7375 0.3375000000000001 0.753125 0.3375000000000001
5 0.790625 0.2687500000000001 0.7703125 0.2687500000000001 0.7703125 0.33281250000000007 0.790625 0.33281250000000007
2 0.23281250000000003 0.2609375 0.06250000000000003 0.2609375 0.06250000000000003 0.4140625 0.2328125000000001 0.4140625
5 0.22187500000000004 0.2546875 0.14375000000000004 0.2546875 0.14375000000000004 0.4140625 0.2218750000000001 0.4140625
5 0.16718750000000004 0.240625 0.14375000000000004 0.240625 0.14375000000000004 0.275 0.16718750000000004 0.275
4 0.64375 0.2453125000000001 0.484375 0.2453125000000001 0.484375 0.409375 0.64375 0.409375
2 0.496875 0.275 0.3171875 0.275 0.31718750000000007 0.38125000000000003 0.496875 0.3812500000000001
4 0.07031250000000004 0.215625 0.0015625000000000263 0.215625 0.0015625000000000413 0.4578125 0.07031250000000007 0.4578125
0 0.3203125000000001 0.4171875 0.08125000000000004 0.4171875 0.08125000000000006 0.6015625 0.3203125000000001 0.6015625