2 0.8859375 0.3390625000000001 0.5203125 0.3390625000000001 0.5203125 0.6421875000000001 0.8859375 0.6421875000000001
5 0.09375000000000003 0.2359375 0.05312500000000002 0.2359375 0.05312500000000003 0.3640625 0.09375000000000004 0.3640625
5 0.3 0.15468750000000003 0.265625 0.15468750000000003 0.265625 0.2609375 0.3 0.2609375
5 0.440625 0.009375000000000052 0.415625 0.00937500000000005 0.415625 0.18750000000000006 0.440625 0.18750000000000006
5 0.6234375 0.10937500000000008 0.5890625 0.10937500000000008 0.5890625 0.3203125000000001 0.6234375 0.3203125000000001
5 0.20000000000000004 0.2453125 0.15468750000000003 0.2453125 0.15468750000000003 0.4640625 0.2000000000000001 0.4640625
0 0.3078125 0.24375 0.2734375 0.24375 0.2734375 0.3625 0.3078125 0.3625
0 0.09843750000000005 0.3640625 0.05468750000000004 0.3640625 0.054687500000000056 0.4890625 0.09843750000000007 0.4890625
0 0.19375 0.04531250000000002 0.1640625 0.04531250000000002 0.1640625 0.15468750000000003 0.19375 0.15468750000000003
0 0.41875 0.09687500000000004 0.378125 0.09687500000000004 0.378125 0.2375000000000001 0.41875 0.2375000000000001
0 0.3765625 0.10312500000000005 0.3390625 0.10312500000000005 0.3390625 0.23750000000000004 0.3765625 0.2375000000000001