8 0.37968750000000007 0.27656250000000004 0.11718750000000004 0.2765625 0.11718750000000004 0.5046875 0.37968750000000007 0.5046875
7 0.5296875 0.4109375 0.4734375 0.4109375 0.4734375 0.5140625 0.5296875 0.5140625
8 0.5453125 0.3656250000000001 0.4953125 0.3656250000000001 0.4953125 0.415625 0.5453125 0.415625
5 0.06250000000000006 0.3921875 0.02187500000000005 0.3921875 0.021875000000000058 0.534375 0.06250000000000007 0.534375
5 0.11250000000000004 0.4109375 0.08437500000000005 0.4109375 0.08437500000000006 0.496875 0.11250000000000004 0.496875
5 0.19218750000000007 0.465625 0.15156250000000004 0.465625 0.15156250000000007 0.6203125 0.1921875000000001 0.6203125
5 0.428125 0.4265625 0.3359375000000001 0.4265625 0.3359375000000001 0.6671875 0.428125 0.6671875
5 0.640625 0.4515625 0.5875 0.4515625 0.5875 0.6890625 0.640625 0.6890625
5 0.90625 0.4281250000000002 0.7875 0.4281250000000002 0.7875 0.6765625000000002 0.90625 0.6765625000000002
5 0.80625 0.4296875000000001 0.6625 0.4296875 0.6625000000000001 0.8625 0.80625 0.8625
5 0.23593750000000008 0.4390625 0.19218750000000004 0.4390625 0.19218750000000007 0.6140625 0.23593750000000008 0.6140625
5 0.465625 0.440625 0.4359375 0.440625 0.4359375 0.5828125 0.465625 0.5828125
5 0.5515625 0.4265625 0.5328125 0.4265625 0.5328125 0.5265625 0.5515625 0.5265625
5 0.6625 0.421875 0.6484375 0.421875 0.6484375 0.4890625 0.6625 0.4890625
5 0.5796875 0.4359375 0.5578125 0.4359375 0.5578125 0.5140625 0.5796875 0.5140625
5 0.609375 0.415625 0.584375 0.415625 0.584375 0.4546875 0.609375 0.4546875
2 0.428125 0.4265625 0.3921875000000001 0.4265625 0.3921875000000001 0.4671875 0.428125 0.4671875
5 0.14375000000000004 0.4 0.12812500000000004 0.4 0.12812500000000004 0.4296875 0.14375000000000004 0.4296875