5 0.7328125 0.15781250000000008 0.7015625 0.15781250000000008 0.7015625 0.26250000000000007 0.7328125 0.26250000000000007
5 0.8484375 0.24375000000000008 0.7984375 0.24375000000000008 0.7984375 0.4578125000000002 0.8484375 0.4578125000000002
5 0.946875 0.2406250000000001 0.90625 0.2406250000000001 0.90625 0.3703125000000001 0.946875 0.3703125000000001
5 0.584375 0.00937500000000007 0.5625 0.009375000000000069 0.5625 0.1859375000000001 0.584375 0.1859375000000001
5 0.503125 0.006250000000000059 0.4859375 0.0062500000000000585 0.4859375 0.05937500000000007 0.503125 0.05937500000000007
5 0.4078125 0.10625000000000004 0.38125 0.10625000000000004 0.38125 0.3453125000000001 0.4078125 0.3453125000000001
2 0.478125 0.34375000000000006 0.11562500000000005 0.34375 0.11562500000000006 0.6375 0.478125 0.6375
5 0.2703125 0.2765625 0.246875 0.2765625 0.246875 0.3359375 0.2703125 0.3359375
5 0.12656250000000002 0.128125 0.09062500000000002 0.128125 0.09062500000000004 0.3140625 0.12656250000000005 0.3140625
0 0.7296875 0.25468750000000007 0.6921875 0.25468750000000007 0.6921875 0.3546875000000001 0.7296875 0.3546875000000001
0 0.665625 0.10156250000000008 0.6265625 0.10156250000000008 0.6265625 0.24375000000000008 0.665625 0.24375000000000008
0 0.628125 0.10312500000000009 0.5875 0.10312500000000009 0.5875 0.2500000000000001 0.628125 0.2500000000000001
0 0.834375 0.0468750000000001 0.8046875 0.0468750000000001 0.8046875 0.1593750000000001 0.834375 0.1593750000000001
0 0.9359375 0.3750000000000001 0.9015625 0.3750000000000001 0.9015625 0.4937500000000002 0.9359375 0.4937500000000002