5 0.8140625 0.3343750000000001 0.75 0.3343750000000001 0.75 0.4343750000000002 0.8140625 0.4343750000000002
5 0.746875 0.3312500000000001 0.6828125 0.3312500000000001 0.6828125 0.4125000000000001 0.746875 0.4125000000000002
2 0.49375 0.3421875000000001 0.4125 0.3421875000000001 0.4125 0.5453125 0.49375 0.5453125
0 0.44375 0.34843750000000007 0.4265625 0.34843750000000007 0.4265625 0.3843750000000001 0.44375 0.3843750000000001
5 0.4546875 0.2906250000000001 0.425 0.2906250000000001 0.425 0.3453125000000001 0.4546875 0.3453125000000001
0 0.18906250000000005 0.3515625 0.16718750000000004 0.3515625 0.16718750000000004 0.4109375 0.18906250000000005 0.4109375
5 0.22812500000000005 0.34375 0.19062500000000004 0.34375 0.19062500000000004 0.41875 0.22812500000000008 0.41875
5 0.19531250000000006 0.29375 0.16562500000000005 0.29375 0.16562500000000005 0.3484375 0.19531250000000006 0.3484375
5 0.16093750000000004 0.3328125 0.09062500000000004 0.3328125 0.09062500000000005 0.45625 0.16093750000000004 0.45625
5 0.4828125 0.29375000000000007 0.4578125 0.29375000000000007 0.4578125 0.3437500000000001 0.4828125 0.3437500000000001
0 0.14531250000000007 0.45625 0.10312500000000005 0.45625 0.10312500000000006 0.559375 0.1453125000000001 0.559375
0 0.2140625000000001 0.43125 0.18906250000000005 0.43125 0.18906250000000005 0.5328125 0.2140625000000001 0.5328125
0 0.80625 0.4390625000000002 0.7625 0.4390625000000002 0.7625 0.6078125000000002 0.80625 0.6078125000000002
0 0.734375 0.42656250000000007 0.7 0.4265625 0.7 0.5703125000000001 0.734375 0.5703125000000002
2 0.6734375 0.3031250000000001 0.48125 0.3031250000000001 0.48125 0.6390625 0.6734375 0.6390625
2 0.3953125 0.28750000000000003 0.3421875 0.2875 0.3421875 0.36250000000000004 0.3953125 0.3625000000000001
4 0.4015625 0.2656250000000001 0.3671875 0.2656250000000001 0.3671875 0.2921875000000001 0.4015625 0.2921875000000001
7 0.3296875 0.265625 0.296875 0.265625 0.296875 0.35 0.3296875 0.35