0 0.7359375 0.14218750000000008 0.7125 0.14218750000000008 0.7125 0.20468750000000008 0.7359375 0.20468750000000008
0 0.640625 0.08125000000000007 0.6109375 0.08125000000000007 0.6109375 0.21093750000000008 0.640625 0.21093750000000008
5 0.590625 0.1765625000000001 0.5671875 0.1765625000000001 0.5671875 0.32500000000000007 0.590625 0.32500000000000007
0 0.6109375 0.10000000000000009 0.584375 0.10000000000000009 0.584375 0.21093750000000008 0.6109375 0.21093750000000008
5 0.7390625 0.07968750000000009 0.7234375 0.07968750000000009 0.7234375 0.1437500000000001 0.7390625 0.1437500000000001
0 0.7546875 0.06093750000000009 0.7359375 0.06093750000000009 0.7359375 0.1359375000000001 0.7546875 0.1359375000000001
2 0.978125 0.2453125000000001 0.8890625 0.2453125000000001 0.8890625 0.4546875000000002 0.978125 0.4546875000000002
0 0.9046875 0.1781250000000001 0.8859375 0.1781250000000001 0.8859375 0.23593750000000008 0.9046875 0.23593750000000008
5 0.9078125 0.10937500000000011 0.890625 0.10937500000000008 0.890625 0.17656250000000012 0.9078125 0.17656250000000012
0 0.9078125 0.08593750000000011 0.8921875 0.08593750000000011 0.8921875 0.1265625000000001 0.9078125 0.12656250000000013
0 0.8953125 0.03281250000000011 0.88125 0.03281250000000011 0.88125 0.0718750000000001 0.8953125 0.0718750000000001
4 0.07968750000000001 0.025000000000000005 3.061616997868383e-18 0.025 1.2055116929106758e-17 0.171875 0.07968750000000002 0.171875
2 0.14843750000000006 0.2171875 0.023437500000000028 0.2171875 0.02343750000000004 0.4703125 0.14843750000000006 0.4703125
2 0.6656250000000001 0.7578125 0.3593750000000001 0.7578125 0.3593750000000001 1 0.6656250000000001 1
2 0.86875 0.1546875000000001 0.7828125 0.1546875000000001 0.7828125 0.32500000000000007 0.86875 0.32500000000000007
2 0.99375 1.1921171185450015e-16 0.953125 1.1672414804373209e-16 0.953125 0.0875000000000001 0.99375 0.0875000000000001
5 0.9078125 0.042187500000000114 0.8953125 0.042187500000000114 0.8953125 0.08593750000000011 0.9078125 0.08593750000000011
2 0.940625 0.0015625000000001128 0.9 0.0015625000000001102 0.9 0.04687500000000011 0.940625 0.04687500000000011
7 0.7515625 0.32500000000000007 0.6390625 0.32500000000000007 0.6390625 0.6390625000000001 0.7515625 0.6390625000000002
5 0.48125 0.11875000000000005 0.4640625 0.11875000000000005 0.4640625 0.28593750000000007 0.48125 0.28593750000000007
5 0.590625 0.02968750000000007 0.56875 0.029687500000000068 0.56875 0.1515625000000001 0.590625 0.1515625000000001
5 0.8359375 0.0968750000000001 0.8125 0.09687500000000009 0.8125 0.1546875000000001 0.8359375 0.1546875000000001
5 0.896875 0.003125000000000109 0.8828125 0.003125000000000108 0.8828125 0.03281250000000011 0.896875 0.03281250000000011
5 0.3828125 0.22187500000000004 0.3515625 0.221875 0.3515625 0.30781250000000004 0.3828125 0.3078125000000001
5 0.53125 0.029687500000000068 0.515625 0.029687500000000068 0.515625 0.06875000000000006 0.53125 0.06875000000000006
5 0.2765625 0.11718750000000004 0.253125 0.11718750000000004 0.253125 0.246875 0.2765625 0.246875