2 0.34687500000000004 0.3625 0.0031250000000000444 0.3625 0.003125000000000066 0.7140625 0.3468750000000001 0.7140625
5 0.4046875 0.3375000000000001 0.3671875 0.3375000000000001 0.36718750000000006 0.471875 0.4046875 0.471875
2 0.4265625 0.2953125000000001 0.3890625 0.2953125000000001 0.3890625 0.33281250000000007 0.4265625 0.33281250000000007
8 0.07031250000000004 0.29375 0.001562500000000036 0.29375 0.0015625000000000409 0.371875 0.07031250000000004 0.371875
0 0.5109375 0.484375 0.3437500000000001 0.484375 0.3437500000000001 0.640625 0.5109375 0.640625
0 0.5796875 0.3781250000000001 0.5046875 0.3781250000000001 0.5046875 0.4796875 0.5796875 0.4796875
5 0.26406250000000003 0.3109375 0.2390625 0.3109375 0.23906250000000004 0.421875 0.2640625000000001 0.421875
0 0.28593750000000007 0.33125 0.2703125 0.33125 0.27031250000000007 0.3734375 0.28593750000000007 0.3734375
5 0.22656250000000006 0.17968750000000003 0.051562500000000025 0.1796875 0.05156250000000008 1 0.22656250000000008 1
5 0.21875000000000006 0.3015625 0.19218750000000004 0.3015625 0.19218750000000004 0.365625 0.21875000000000008 0.365625
5 0.36250000000000004 0.3578125 0.315625 0.3578125 0.31562500000000004 0.49375 0.3625000000000001 0.49375
5 0.428125 0.3765625000000001 0.403125 0.3765625000000001 0.403125 0.4703125 0.428125 0.4703125
5 0.6453125 0.3000000000000001 0.5640625 0.3000000000000001 0.5640625 0.6625 0.6453125 0.6625
5 0.5609375 0.3031250000000001 0.5296875 0.3031250000000001 0.5296875 0.3812500000000001 0.5609375 0.3812500000000001
2 0.8 0.2500000000000001 0.6140625 0.2500000000000001 0.6140625 0.5609375000000001 0.8 0.5609375000000002
5 0.6328125 0.3125000000000001 0.6234375 0.3125000000000001 0.6234375 0.35625000000000007 0.6328125 0.35625000000000007
5 0.928125 0.27031250000000007 0.7625 0.27031250000000007 0.7625000000000001 0.9640625 0.928125 0.9640625
5 0.31875000000000003 0.3015625 0.3015625 0.3015625 0.30156250000000007 0.3828125 0.3187500000000001 0.3828125
5 0.334375 0.2984375 0.315625 0.2984375 0.315625 0.353125 0.334375 0.353125
2 0.3703125 0.29687500000000006 0.340625 0.296875 0.340625 0.33437500000000003 0.3703125 0.3343750000000001
4 0.2875 0.2890625 0.240625 0.2890625 0.240625 0.3234375 0.2875 0.3234375