0 0.7015625 8.352473872309682e-17 0.6625 8.113285044351215e-17 0.6625 0.09375000000000008 0.7015625 0.09375000000000008
0 0.66875 7.969771747576135e-17 0.6328125 7.749718025854345e-17 0.6328125 0.09531250000000008 0.66875 0.09531250000000009
0 0.38750000000000007 0.690625 0.2531250000000001 0.690625 0.2531250000000001 0.84375 0.38750000000000007 0.84375
2 0.9796875 0.4687500000000001 0.7140625 0.46875 0.7140625 0.8984375 0.9796875 0.8984375
2 0.890625 0.1296875000000001 0.7265625 0.1296875000000001 0.7265625 0.3828125000000001 0.890625 0.3828125000000001
2 0.31718750000000007 0.16250000000000003 0.06093750000000002 0.1625 0.06093750000000003 0.4359375 0.31718750000000007 0.4359375
5 0.3875 0.11875000000000005 0.3515625 0.11875000000000005 0.3515625 0.20937500000000003 0.3875 0.2093750000000001
5 0.503125 0.00468750000000006 0.475 0.004687500000000058 0.475 0.18437500000000004 0.503125 0.18437500000000004
5 0.6984375 0.06406250000000009 0.675 0.06406250000000009 0.675 0.2312500000000001 0.6984375 0.2312500000000001
5 0.3453125000000001 0.465625 0.2953125000000001 0.465625 0.2953125000000001 0.653125 0.3453125000000001 0.653125
5 0.3062500000000001 0.5046875 0.2578125000000001 0.5046875 0.2578125000000001 0.6828125 0.3062500000000001 0.6828125