5 0.83125 0.4265625000000002 0.746875 0.4265625000000002 0.746875 0.7078125000000002 0.83125 0.7078125000000002
5 0.7453125 0.4312500000000001 0.6875 0.43125 0.6875 0.5937500000000001 0.7453125 0.5937500000000002
5 0.5875 0.3890625000000001 0.540625 0.3890625000000001 0.540625 0.5140625 0.5875 0.5140625
5 0.5453125 0.3343750000000001 0.496875 0.3343750000000001 0.496875 0.4171875 0.5453125 0.4171875
5 0.5015625 0.33281250000000007 0.45625 0.33281250000000007 0.45625 0.4453125 0.5015625 0.4453125
5 0.4640625 0.3421875000000001 0.43125 0.3421875000000001 0.43125 0.4171875 0.4640625 0.4171875
5 0.9328125 0.2453125000000001 0.9078125 0.2453125000000001 0.9078125 0.2953125000000001 0.9328125 0.2953125000000001
5 0.8328125 0.2500000000000001 0.8078125 0.2500000000000001 0.8078125 0.3031250000000001 0.8328125 0.3031250000000001
5 0.4640625 0.28593750000000007 0.440625 0.28593750000000007 0.440625 0.3453125000000001 0.4640625 0.3453125000000001
5 0.39531250000000007 0.35625000000000007 0.365625 0.35625000000000007 0.36562500000000003 0.4765625 0.39531250000000007 0.4765625
5 0.409375 0.2906250000000001 0.3859375 0.2906250000000001 0.38593750000000004 0.41875 0.409375 0.41875
5 0.35 0.246875 0.3296875 0.246875 0.3296875 0.3421875 0.35 0.3421875
5 0.275 0.35625 0.234375 0.35625 0.23437500000000006 0.4859375 0.2750000000000001 0.4859375
5 0.2953125000000001 0.3671875 0.27031250000000007 0.3671875 0.27031250000000007 0.45 0.2953125000000001 0.45
5 0.24687500000000004 0.23125 0.031250000000000035 0.23125 0.031250000000000076 1 0.2468750000000001 1
5 1 0.1828125000000001 0.8578125 0.1828125000000001 0.8578125 1 1 1