5 0.859375 0.2515625000000001 0.7875 0.2515625000000001 0.7875 0.4343750000000002 0.859375 0.4343750000000002
5 0.6203125 0.28593750000000007 0.4828125 0.28593750000000007 0.4828125000000001 0.8078125 0.6203125000000002 0.8078125
5 0.19218750000000004 0.29375 0.13593750000000004 0.29375 0.13593750000000004 0.4046875 0.19218750000000004 0.4046875
5 0.12500000000000006 0.2703125 0.07968750000000002 0.2703125 0.07968750000000004 0.3953125 0.12500000000000006 0.3953125
5 0.06250000000000004 0.28125 0.020312500000000032 0.28125 0.020312500000000042 0.40625 0.06250000000000004 0.40625
5 0.2265625 0.2703125 0.2109375 0.2703125 0.2109375 0.33125 0.2265625 0.33125
5 0.2796875 0.265625 0.2625 0.265625 0.2625 0.34375 0.2796875 0.34375
5 0.3046875 0.265625 0.2859375 0.265625 0.2859375 0.334375 0.3046875 0.334375
5 0.7734375 0.23593750000000008 0.7546875 0.23593750000000008 0.7546875 0.3281250000000001 0.7734375 0.3281250000000001
4 0.509375 0.24531250000000004 0.3546875 0.2453125 0.35468750000000004 0.4078125 0.509375 0.4078125
2 0.68125 0.2750000000000001 0.50625 0.2750000000000001 0.50625 0.3859375000000001 0.68125 0.3859375000000001
2 0.2046875 0.2796875 0.12812500000000004 0.2796875 0.12812500000000004 0.315625 0.2046875 0.315625
2 0.93125 0.2656250000000001 0.8390625 0.2656250000000001 0.8390625 0.4109375000000002 0.93125 0.4109375000000002
4 1 0.2078125000000001 0.93125 0.2078125000000001 0.93125 0.43750000000000017 1 0.43750000000000017