5 0.5531250000000001 0.23593750000000008 0.3671875 0.23593750000000008 0.36718750000000006 1 0.5531250000000002 1
5 0.29375000000000007 0.296875 0.25625 0.296875 0.25625000000000003 0.396875 0.29375000000000007 0.396875
5 0.29375000000000007 0.3921875 0.2484375000000001 0.3921875 0.2484375000000001 0.5234375 0.29375000000000007 0.5234375
5 0.85625 0.4578125000000002 0.7734375 0.4578125000000002 0.7734375000000001 0.7437500000000001 0.85625 0.7437500000000001
5 0.7734375 0.45781250000000007 0.6984375 0.4578125 0.6984375 0.6453125000000001 0.7734375 0.6453125000000002
5 0.6234375 0.3265625000000001 0.596875 0.3265625000000001 0.596875 0.4359375 0.6234375 0.4359375
5 0.6 0.3281250000000001 0.5859375 0.3281250000000001 0.5859375 0.37187500000000007 0.6 0.37187500000000007
5 0.5640625 0.3671875000000001 0.525 0.3671875000000001 0.525 0.4453125 0.5640625 0.4453125
5 0.6140625 0.4171875 0.5734375 0.4171875 0.5734375 0.540625 0.6140625 0.540625
5 0.8515625 0.2828125000000001 0.83125 0.2828125000000001 0.83125 0.3390625000000001 0.8515625 0.3390625000000001
5 0.9296875 0.2828125000000001 0.9109375 0.2828125000000001 0.9109375 0.3234375000000001 0.9296875 0.3234375000000001
5 0.38593750000000004 0.34218750000000003 0.3625 0.3421875 0.36250000000000004 0.45 0.3859375000000001 0.45
5 0.3125000000000001 0.4 0.2875000000000001 0.4 0.2875000000000001 0.475 0.3125000000000001 0.475