5 0.28593750000000007 0.315625 0.17656250000000004 0.315625 0.1765625000000001 0.9375 0.28593750000000007 0.9375
5 0.4640625 0.2500000000000001 0.3640625 0.2500000000000001 0.36406250000000007 0.6671875 0.4640625 0.6671875
5 0.5828125 0.2328125000000001 0.50625 0.2328125000000001 0.50625 0.69375 0.5828125 0.69375
5 0.7234375 0.2453125000000001 0.64375 0.2453125000000001 0.64375 0.68125 0.7234375 0.68125
5 0.6515625 0.2562500000000001 0.6015625 0.2562500000000001 0.6015625 0.665625 0.6515625 0.665625
5 0.834375 0.3031250000000001 0.7734375 0.3031250000000001 0.7734375 0.47187500000000016 0.834375 0.47187500000000016
5 0.11718750000000004 0.334375 0.08906250000000004 0.334375 0.08906250000000004 0.4046875 0.11718750000000004 0.4046875
5 0.14062500000000006 0.334375 0.11250000000000004 0.334375 0.11250000000000004 0.4203125 0.14062500000000006 0.4203125
5 0.17187500000000006 0.3421875 0.13593750000000004 0.3421875 0.13593750000000004 0.45 0.17187500000000006 0.45
5 0.07343750000000006 0.3625 0.03281250000000004 0.3625 0.03281250000000005 0.4703125 0.07343750000000007 0.4703125
5 0.01406250000000005 0.3703125 4.5350201780925416e-17 0.3703125 5.147343577666219e-17 0.4703125 0.014062500000000056 0.4703125