5 0.6156250000000001 0.3546875000000001 0.4625 0.3546875000000001 0.4625000000000001 0.7359375 0.6156250000000002 0.7359375
5 0.4875000000000001 0.3515625000000001 0.36875 0.3515625000000001 0.36875 0.7953125 0.48750000000000016 0.7953125
8 0.24687500000000004 0.28125 0.015625000000000035 0.28125 0.01562500000000006 0.6671875 0.2468750000000001 0.6671875
5 0.20468750000000005 0.35 0.13750000000000004 0.35 0.13750000000000004 0.4546875 0.20468750000000008 0.4546875
5 0.09375000000000004 0.3484375 0.050000000000000044 0.3484375 0.050000000000000044 0.440625 0.09375000000000004 0.440625
0 0.11562500000000005 0.25 0.09062500000000002 0.25 0.09062500000000004 0.284375 0.11562500000000005 0.284375
5 0.12500000000000006 0.1921875 0.08750000000000002 0.1921875 0.08750000000000002 0.25 0.12500000000000006 0.25
0 0.19531250000000006 0.2203125 0.17968750000000006 0.2203125 0.17968750000000006 0.246875 0.19531250000000006 0.246875
5 0.19687500000000005 0.18281250000000002 0.17343750000000005 0.1828125 0.17343750000000005 0.2203125 0.19687500000000005 0.2203125
0 0.2484375 0.2484375 0.221875 0.2484375 0.221875 0.278125 0.2484375 0.278125
5 0.246875 0.19687500000000005 0.221875 0.19687500000000005 0.221875 0.25 0.246875 0.25
5 0.9921875 0.25468750000000007 0.91875 0.25468750000000007 0.91875 0.49218750000000017 0.9921875 0.49218750000000017
5 0.8875 0.21250000000000008 0.853125 0.21250000000000008 0.853125 0.34062500000000007 0.8875 0.34062500000000007
0 0.934375 0.2593750000000001 0.9125 0.2593750000000001 0.9125 0.3187500000000001 0.934375 0.3187500000000001
5 0.9375 0.21250000000000008 0.90625 0.21250000000000008 0.90625 0.2609375000000001 0.9375 0.2609375000000001
0 0.703125 0.24375000000000008 0.6796875 0.24375000000000008 0.6796875 0.2890625000000001 0.703125 0.2890625000000001
5 0.703125 0.2015625000000001 0.684375 0.2015625000000001 0.684375 0.2390625000000001 0.703125 0.2390625000000001
8 0.584375 0.14843750000000006 0.54375 0.14843750000000006 0.54375 0.21093750000000008 0.584375 0.21093750000000008
0 0.5890625 0.21250000000000008 0.5703125 0.21250000000000008 0.5703125 0.2531250000000001 0.5890625 0.2531250000000001
5 0.5890625 0.17968750000000008 0.571875 0.17968750000000008 0.571875 0.2140625000000001 0.5890625 0.2140625000000001
5 0.80625 0.1765625000000001 0.7875 0.1765625000000001 0.7875 0.2406250000000001 0.80625 0.2406250000000001
5 0.865625 0.1781250000000001 0.8515625 0.1781250000000001 0.8515625 0.2468750000000001 0.865625 0.2468750000000001
5 0.8953125 0.1781250000000001 0.88125 0.1781250000000001 0.88125 0.2375000000000001 0.8953125 0.2375000000000001
2 0.8421875 0.15625000000000008 0.8078125 0.15625000000000008 0.8078125 0.2062500000000001 0.8421875 0.2062500000000001
2 0.31562500000000004 0.2765625 0.2015625 0.2765625 0.20156250000000003 0.45625 0.3156250000000001 0.45625
8 0.3390625 0.11718750000000004 0.2453125 0.11718750000000004 0.2453125 0.2515625 0.3390625 0.2515625
8 0.4484375 0.08593750000000004 0.340625 0.08593750000000004 0.340625 0.275 0.4484375 0.2750000000000001
8 0.68125 0.09218750000000007 0.609375 0.09218750000000006 0.609375 0.2234375000000001 0.68125 0.2234375000000001
8 0.246875 0.14062500000000006 0.1875 0.14062500000000006 0.18750000000000003 0.225 0.246875 0.225