5 0.20468750000000005 0.2859375 0.17656250000000004 0.2859375 0.17656250000000004 0.4109375 0.20468750000000008 0.4109375
5 0.22812500000000005 0.2984375 0.19687500000000005 0.2984375 0.19687500000000005 0.415625 0.22812500000000008 0.415625
7 0.4421875 0.31250000000000006 0.321875 0.3125 0.321875 0.4484375 0.4421875 0.4484375
5 0.35156250000000006 0.3328125 0.3125 0.3328125 0.31250000000000006 0.45 0.3515625000000001 0.45
5 0.69375 0.28593750000000007 0.671875 0.28593750000000007 0.671875 0.3203125000000001 0.69375 0.3203125000000001
5 0.778125 0.11875000000000009 0.753125 0.11875000000000009 0.753125 0.1546875000000001 0.778125 0.1546875000000001
5 0.621875 0.02968750000000008 0.5984375 0.02968750000000008 0.5984375 0.08281250000000007 0.621875 0.08281250000000007
7 0.9109375 0.6640625000000002 0.7578125 0.6640625000000002 0.7578125000000001 0.8484375 0.9109375 0.8484375
7 0.4640625 0.5515625 0.3046875000000001 0.5515625 0.3046875000000001 0.7140625 0.4640625 0.7140625
7 0.3046875000000001 0.565625 0.1453125000000001 0.565625 0.1453125000000001 0.740625 0.3046875000000001 0.740625
7 0.29375000000000007 0.4890625 0.15156250000000004 0.4890625 0.15156250000000007 0.590625 0.29375000000000007 0.590625
7 0.14687500000000006 0.4671875 0.007812500000000059 0.4671875 0.007812500000000068 0.6328125 0.1468750000000001 0.6328125
7 0.11250000000000004 0.2609375 3.195562741525125e-17 0.2609375 4.0375074159389303e-17 0.3984375 0.11250000000000004 0.3984375
7 0.31562500000000004 0.275 0.2125 0.275 0.21250000000000005 0.4046875 0.3156250000000001 0.4046875
7 0.640625 0.2968750000000001 0.5140625 0.2968750000000001 0.5140625 0.4296875 0.640625 0.4296875
7 0.4921875 0.2750000000000001 0.3859375 0.2750000000000001 0.38593750000000004 0.4078125 0.4921875 0.4078125
7 0.8640625 0.3656250000000001 0.75 0.3656250000000001 0.75 0.5156250000000002 0.8640625 0.5156250000000002
7 0.953125 0.4656250000000002 0.8359375 0.4656250000000002 0.8359375 0.6218750000000002 0.953125 0.6218750000000002
7 0.3828125000000001 0.8515625 0.2250000000000001 0.8515625 0.2250000000000001 0.9375 0.3828125000000001 0.9375
7 0.27812500000000007 0.83125 0.1296875000000001 0.83125 0.12968750000000012 0.934375 0.27812500000000007 0.934375
7 0.14531250000000012 0.746875 0.0031250000000000917 0.746875 0.0031250000000001012 0.9078125 0.14531250000000012 0.9078125
2 1 0.8375 0.8796875 0.8375 0.8796875 0.9359375 1 0.9359375
4 0.9703125 0.16093750000000012 0.8984375 0.1609375000000001 0.8984375 0.2890625000000001 0.9703125 0.2890625000000001
4 1 0.4125000000000002 0.9203125 0.4125000000000002 0.9203125 0.5578125000000002 1 0.5578125000000002
4 0.875 0.2453125000000001 0.796875 0.2453125000000001 0.796875 0.3781250000000001 0.875 0.3781250000000001
0 0.421875 0.05312500000000005 0.3671875 0.05312500000000005 0.3671875 0.11406250000000004 0.421875 0.11406250000000004