5 0.8484375 0.4468750000000002 0.753125 0.4468750000000002 0.753125 0.7406250000000002 0.8484375 0.7406250000000002
5 0.759375 0.4453125000000001 0.6921875 0.4453125 0.6921875 0.6156250000000001 0.759375 0.6156250000000002
5 0.9234375 0.24218750000000008 0.8921875 0.24218750000000008 0.8921875 0.3109375000000001 0.9234375 0.3109375000000001
5 0.846875 0.2609375000000001 0.825 0.2609375000000001 0.825 0.3218750000000001 0.846875 0.3218750000000001
5 0.76875 0.2812500000000001 0.7453125 0.2812500000000001 0.7453125 0.4078125000000002 0.76875 0.4078125000000002
5 0.6015625 0.4015625 0.55625 0.4015625 0.55625 0.5375 0.6015625 0.5375
5 0.5312500000000001 0.2984375000000001 0.4328125 0.2984375000000001 0.4328125000000001 0.7640625 0.5312500000000002 0.7640625
5 0.553125 0.3453125000000001 0.5171875 0.3453125000000001 0.5171875 0.428125 0.553125 0.428125
5 0.5015625 0.3031250000000001 0.478125 0.3031250000000001 0.478125 0.3656250000000001 0.5015625 0.3656250000000001
5 0.37968750000000007 0.26875000000000004 0.359375 0.26875 0.35937500000000006 0.37031250000000004 0.37968750000000007 0.3703125000000001
5 0.30937500000000007 0.384375 0.2796875000000001 0.384375 0.2796875000000001 0.459375 0.30937500000000007 0.459375
5 0.34218750000000003 0.3125 0.309375 0.3125 0.30937500000000007 0.4390625 0.3421875000000001 0.4390625
5 0.346875 0.2421875 0.3265625 0.2421875 0.3265625 0.3359375 0.346875 0.3359375
5 0.375 0.20937500000000003 0.3578125 0.209375 0.3578125 0.27187500000000003 0.375 0.2718750000000001
5 0.409375 0.3781250000000001 0.3765625000000001 0.3781250000000001 0.3765625000000001 0.503125 0.409375 0.503125
5 0.30156250000000007 0.240625 0.13750000000000004 0.240625 0.1375000000000001 1 0.30156250000000007 1
5 0.2843750000000001 0.3734375 0.25468750000000007 0.3734375 0.25468750000000007 0.425 0.2843750000000001 0.425