5 0.853125 0.2484375000000001 0.70625 0.2484375000000001 0.70625 1 0.853125 1
5 0.690625 0.3156250000000001 0.6578125 0.3156250000000001 0.6578125 0.4484375 0.690625 0.4484375
5 0.7203125 0.38750000000000007 0.6921875 0.38750000000000007 0.6921875 0.440625 0.7203125 0.440625
5 0.7453125 0.3734375000000001 0.715625 0.3734375000000001 0.715625 0.4453125000000001 0.7453125 0.44531250000000017
5 0.6390625 0.26250000000000007 0.6203125 0.26250000000000007 0.6203125 0.3765625000000001 0.6390625 0.3765625000000001
5 0.6703125 0.2484375000000001 0.65 0.2484375000000001 0.65 0.3421875000000001 0.6703125 0.3421875000000001
5 0.6453125 0.2062500000000001 0.6203125 0.2062500000000001 0.6203125 0.2812500000000001 0.6453125 0.2812500000000001
5 0.659375 0.3812500000000001 0.590625 0.3812500000000001 0.590625 0.5109375 0.659375 0.5109375
5 0.5718750000000001 0.3031250000000001 0.4734375 0.3031250000000001 0.47343750000000007 0.7703125 0.5718750000000001 0.7703125
5 0.521875 0.3031250000000001 0.4953125 0.3031250000000001 0.4953125 0.3687500000000001 0.521875 0.3687500000000001
5 0.475 0.4046875 0.403125 0.4046875 0.403125 0.5484375 0.475 0.5484375
5 0.484375 0.34843750000000007 0.4390625 0.34843750000000007 0.4390625 0.4375 0.484375 0.4375
5 0.3812500000000001 0.4484375 0.15000000000000005 0.4484375 0.15000000000000008 0.878125 0.3812500000000001 0.878125
5 0.3234375000000001 0.44375 0.2375000000000001 0.44375 0.2375000000000001 0.6140625 0.3234375000000001 0.6140625
5 0.25468750000000007 0.2796875 0.23125 0.2796875 0.23125000000000004 0.40625 0.25468750000000007 0.40625
5 0.17187500000000006 0.2671875 0.15156250000000004 0.2671875 0.15156250000000004 0.3203125 0.17187500000000006 0.3203125
5 0.10468750000000004 0.2390625 0.08125000000000002 0.2390625 0.08125000000000003 0.3109375 0.10468750000000004 0.3109375