5 0.95 0.23437500000000008 0.7640625 0.23437500000000008 0.7640625000000001 1 0.95 1
5 0.771875 0.3609375000000001 0.725 0.3609375000000001 0.725 0.4859375000000001 0.771875 0.4859375000000002
5 0.73125 0.3656250000000001 0.70625 0.3656250000000001 0.70625 0.45000000000000007 0.73125 0.4500000000000002
5 0.6671875 0.3609375000000001 0.603125 0.3609375000000001 0.603125 0.496875 0.6671875 0.496875
5 0.5453125 0.3812500000000001 0.41875 0.3812500000000001 0.41875 0.6140625 0.5453125 0.6140625
5 0.540625 0.3390625000000001 0.5046875 0.3390625000000001 0.5046875 0.471875 0.540625 0.471875
5 0.603125 0.3437500000000001 0.540625 0.3437500000000001 0.540625 0.446875 0.603125 0.446875
5 0.6109375 0.29375000000000007 0.5921875 0.29375000000000007 0.5921875 0.421875 0.6109375 0.421875
5 0.634375 0.2515625000000001 0.6171875 0.2515625000000001 0.6171875 0.3343750000000001 0.634375 0.3343750000000001
5 0.671875 0.24375000000000008 0.6515625 0.24375000000000008 0.6515625 0.3500000000000001 0.671875 0.3500000000000001
5 0.5578125 0.2812500000000001 0.534375 0.2812500000000001 0.534375 0.3390625000000001 0.5578125 0.3390625000000001
5 0.5015625 0.33281250000000007 0.4640625 0.33281250000000007 0.4640625 0.421875 0.5015625 0.421875
5 0.3937500000000001 0.4265625 0.16562500000000005 0.4265625 0.16562500000000008 0.85625 0.3937500000000001 0.85625
5 0.34843750000000007 0.43125 0.2562500000000001 0.43125 0.2562500000000001 0.5890625 0.34843750000000007 0.5890625
5 0.14062500000000006 0.175 2.143131898507868e-17 0.175 7.1947999449907e-17 1 0.14062500000000014 1
5 0.18906250000000005 0.2546875 0.16718750000000004 0.2546875 0.16718750000000004 0.303125 0.18906250000000005 0.303125
5 0.09687500000000003 0.24375 0.06406250000000002 0.24375 0.06406250000000004 0.2953125 0.09687500000000004 0.2953125