5 0.7515625 0.3937500000000001 0.709375 0.3937500000000001 0.709375 0.5250000000000001 0.7515625 0.5250000000000001
5 0.7125 0.3984375000000001 0.6859375 0.3984375000000001 0.6859375 0.4671875 0.7125 0.4671875
5 0.7359375 0.3046875000000001 0.70625 0.3046875000000001 0.70625 0.3968750000000001 0.7359375 0.3968750000000001
5 0.6359375 0.2375000000000001 0.4640625 0.2375000000000001 0.4640625000000001 1 0.6359375000000002 1
5 0.403125 0.3281250000000001 0.3828125 0.3281250000000001 0.38281250000000006 0.428125 0.403125 0.428125
5 0.16718750000000004 0.284375 0.14843750000000006 0.284375 0.14843750000000006 0.3390625 0.16718750000000004 0.3390625
5 0.09062500000000004 0.284375 0.06718750000000004 0.284375 0.06718750000000004 0.321875 0.09062500000000004 0.321875
5 0.24218750000000008 0.4484375 0.14062500000000006 0.4484375 0.14062500000000006 0.7375 0.24218750000000008 0.7375
5 0.3046875000000001 0.4546875 0.2296875000000001 0.4546875 0.2296875000000001 0.609375 0.3046875000000001 0.609375
5 0.440625 0.425 0.3828125000000001 0.425 0.3828125000000001 0.5484375 0.440625 0.5484375
5 0.4765625 0.3656250000000001 0.4453125 0.3656250000000001 0.4453125 0.446875 0.4765625 0.446875